0 1 2 3 4 5 6 7 8 9 10 11 12 13 14 15 16 17 18 19 20 21 22 23 24 25 26 27 28 29 30 31 32 33 34 35 36 37 38 39 40 41 42 43 44 45 46 47 48 49 50 51 52 53 54 55
1 0.14315 -0.0163 -0.2881 0.78236 -0.00228 -0.0335 0.07197 0.0076 -0.18628 -0.03389 0.19527 0.58306 -0.43364 0.19143 0.17403 -0.01259 0.17463 0.59121 0.24729 -0.25483 0.87376 0.00526 -0.05086 0.13463 0.02317 -0.1749 -0.04044 1.11189 -0.25795 0.32148 0.46615 -0.18826 -0.05326 -0.16982 0.79784 0.29829 -0.50158 0.83212 0.98295 0.82154 -0.01931 0.12581 0.0089 -0.14049 -0.02479 0.0799 0.01243 0.36424 0.05784 0.11691 0.47441 0.15731 -0.10315 0.00751 -0.0794
2 -0.78096 0.00287 -0.05152 0.17606 0.00143 0.07272 -0.033 0.02054 -0.71139 -0.01771 -0.78223 -0.7079 0.79399 -0.83373 -0.2425 0.68655 -0.83098 -0.09755 -0.73557 -0.08646 0.22569 1e-04 0.13004 -0.0268 -0.00573 -0.81347 0.00263 0.4483 -0.12597 0.29256 0.06249 -0.19341 -0.46466 -0.10424 0.17331 0.06238 -0.00434 0.19169 0.69042 0.25255 0.09265 -0.01973 -0.00158 -0.8112 -0.0226 -0.0741 0.23989 -0.23172 0.06168 0.02002 0.6007 0.06007 -0.67715 0.02299 -0.68125
3 0.1777 0.00592 0.79213 0.36809 0.03416 0.08395 0.41412 0.01625 1.05804 0.10968 0.2323 0.38281 -0.12467 0.18642 0.01812 0.09581 0.24913 -0.07882 -0.13208 0.87495 0.46505 0.01283 0.08559 0.42386 -0.017 0.96185 0.11655 -0.12177 1.00922 0.73779 -0.01151 0.82942 -0.05279 0.85791 0.52779 0.23948 -0.41201 0.37195 -0.66817 0.11709 0.10193 0.42415 -0.00629 1.09023 0.13265 0.22425 0.12106 1.00411 0.13242 0.45559 -0.46487 0.10783 1.01109 0.1694 1.07214
4 0.29338 -0.05077 -0.28358 0.22028 -0.02358 -0.2055 0.33397 -0.02637 -0.17898 -0.04198 0.19481 0.23972 -0.08226 0.19223 0.48009 0.32989 0.28527 0.12986 0.34943 -0.34108 0.14009 0.00429 -0.33205 0.19652 -0.02315 -0.2785 -0.09841 0.54104 -0.20613 -0.1473 0.23851 -0.24502 -0.08002 -0.24418 0.19608 0.52993 0.01241 0.10585 0.47287 0.30304 -0.30463 0.17215 -0.00859 -0.18314 -0.08475 0.59663 -0.29029 -0.04549 -0.1589 0.2742 0.25386 0.3682 -0.17479 -0.08137 -0.11991
5 -0.00545 0.05329 -0.06945 1.19149 0.06597 0.10655 0.12627 0.13975 0.14753 0.04485 -0.11782 0.22936 -0.69585 -0.09988 -0.1216 -0.10913 -0.18244 -0.12919 -0.073 -0.18452 0.93708 0.04544 0.14107 0.02103 0.05747 0.16574 0.06196 0.88293 -0.11789 -0.15678 0.18661 -0.0305 -0.04678 0.04649 1.04666 1.07966 -0.45618 0.98262 0.98136 1.13106 0.1591 0.04666 0.09621 0.21703 0.08628 0.04533 0.28263 0.16869 0.17817 -0.09939 0.02896 0.0426 0.20085 0.15351 0.26378
6 0.12674 -0.00615 -0.02809 -0.50401 -0.00922 -0.36592 0.08996 0.03067 0.26034 0.00798 0.09119 0.20832 0.17451 0.12102 0.55736 -0.10163 0.00934 -0.1976 0.05603 -0.04498 -0.54075 0.00117 -0.45212 0.0293 0.03033 0.16007 -0.00677 -0.58261 -0.04579 -0.30046 0.07856 -0.02563 0.13061 -0.05423 -0.50848 -0.12997 0.15442 -0.58646 -0.58703 -0.56426 -0.43982 0.08895 0.04344 0.2005 0.00109 0.63254 -0.44692 0.35683 -0.26456 -0.02486 -0.16868 0.04532 0.13256 0.00897 0.21723
7 -0.92892 0.00061 -0.10793 0.39581 -0.0025 -0.03204 0.18224 0.26136 -0.10911 0.03532 -0.93574 -0.67327 -0.08636 -0.89388 -0.82671 0.97682 -0.75608 0.2444 -0.94879 -0.09964 0.40203 -0.01882 -0.00858 0.15734 0.21911 -0.05849 0.04905 0.34017 -0.15358 -0.02709 0.16258 0.08042 0.22635 -0.13647 0.30353 0.46614 -0.3992 0.3131 0.43 0.26287 -0.06286 0.14934 0.16032 -0.11989 0.05247 0.19384 0.20891 0.05792 -0.05089 -0.19256 0.38296 0.03425 0.03245 0.27827 -0.18181
8 0.00464 0.11051 -0.03627 -0.03813 0.17786 -0.21482 0.29858 0.11977 0.77904 0.02276 0.00068 0.03193 0.04044 -0.06796 0.28345 -0.17606 -0.02175 -0.60564 -0.00331 0.1093 -0.02567 0.08279 -0.11067 0.25923 0.06039 0.73509 0.14114 0.00498 0.14139 -0.06841 0.34947 0.05707 0.61905 0.00515 -0.1584 0.25494 -0.20297 -0.14194 -0.72695 -0.03024 -0.0918 0.22694 0.0408 0.57819 0.18599 0.62487 -0.12644 0.64942 -0.13488 0.28236 -0.34931 0.234 0.50149 0.11946 0.77367
9 -0.04279 -0.00123 0.35877 0.36145 -0.00046 0.08696 0.23626 0.02292 0.78025 0.01278 -0.00963 -0.00865 -0.02549 -0.04164 -0.03868 -0.02107 -0.01537 -0.27419 -0.06531 0.37871 0.39878 -0.00286 0.07771 0.22033 0.02867 0.79651 0.00516 -0.11542 0.38404 0.2435 0.21424 0.32902 0.29721 0.33231 0.36742 0.20662 -0.07506 0.2919 -0.39423 0.33026 0.08293 0.19575 0.02777 0.79656 0.01074 0.25661 0.07508 0.59666 0.05139 0.16303 -0.09745 0.17265 0.69592 0.00499 0.74985
10 0.9396 -0.00662 -0.37659 -0.2285 -0.00643 -0.25319 0.85861 -0.10026 -0.51329 -0.00193 0.8764 0.65829 -0.51411 0.91959 0.87632 -0.06588 0.89698 0.49279 0.96787 -0.34935 -0.20764 -0.01672 -0.304 0.82847 -0.06871 -0.50737 -0.0062 0.04093 -0.31809 -0.51918 0.69297 -0.37571 -0.45542 -0.38553 -0.16525 -0.04452 -0.44265 -0.10611 0.13192 -0.2135 -0.24099 0.84824 -0.07214 -0.46382 -0.00136 0.78803 -0.26913 -0.40295 -0.22911 0.86051 0.53939 0.87969 -0.31852 -0.1057 -0.52705
11 -0.23957 0.04114 -0.64531 -0.59765 0.06359 0.22261 0.17958 0.1091 0.49097 0.08378 -0.28357 0.64545 0.54631 -0.2261 -0.27725 0.02709 -0.42363 -0.05797 -0.12943 -0.61107 -0.57726 0.03176 0.30736 0.11071 0.04843 0.41483 0.06913 0.13666 -0.68146 -0.6362 0.68586 -0.63815 -0.08296 -0.39143 -0.61762 -0.74667 0.29823 -0.7012 -0.6693 -0.44828 0.29577 0.11146 0.08075 0.31164 0.05084 0.05806 0.33503 0.47174 0.29517 -0.09078 -0.01469 0.23766 0.26091 0.06017 0.49156
12 -0.11552 0.0188 -0.14315 0.27598 0.01989 0.20241 -0.59411 -0.01847 0.7754 0.02296 -0.13952 0.05405 -0.22273 -0.12332 -0.46416 0.31554 -0.03816 -0.90929 -0.12785 -0.11304 0.26619 6e-05 0.29225 -0.66427 -0.00067 0.81911 0.00588 0.17708 -0.09538 -0.29637 -0.22341 -0.19403 -0.16414 -0.08532 0.27786 0.06097 0.19231 0.31545 -0.65743 0.26211 0.30023 -0.65063 -0.02707 0.83795 0.02049 -0.85642 0.2781 0.45708 0.25612 -0.58009 -1.07932 -0.59489 0.77128 -0.03103 0.76772
13 0.38729 0.00239 0.34704 -0.07204 0.00365 -0.11278 1.50919 -0.00137 0.30096 0.00263 0.31266 0.26983 -0.58081 0.37317 0.39316 0.81969 0.34654 0.33677 0.3957 0.34393 -0.07537 0.0061 -0.15584 1.3998 -0.00526 0.35439 -0.00648 -0.50906 0.29892 0.34222 0.97004 0.27198 0.09256 0.38298 -0.07062 0.08259 -1.28197 -0.07996 -0.37079 -0.02678 -0.12926 1.46844 -0.00782 0.27161 0.00743 1.52905 -0.11431 0.37086 -0.09974 1.4855 1.17116 1.47442 0.33906 0.0065 0.41542
14 0.06688 0.18673 0.06175 -0.51936 0.19343 -0.07014 -0.10837 0.46198 0.38639 0.02523 -0.31621 -0.20802 0.22761 -0.3192 0.17769 0.05975 -0.5766 -0.49376 -0.02014 -0.20781 -0.93372 0.0707 0.06009 -0.55802 0.09575 0.08864 0.05277 -0.57621 -0.2021 0.14608 -0.37525 -0.30357 -0.31206 -0.07309 -0.86685 -0.30859 0.0607 -1.0587 -0.86349 -0.64729 0.13907 -0.54888 0.10657 0.10768 0.0938 0.05204 0.38624 0.42946 -0.01383 -0.78548 -0.62911 -0.22246 0.02193 0.27925 0.27107
15 0.73919 0.92881 -0.64241 -0.11565 0.65509 -0.14654 0.56168 0.48815 -0.48357 0.04813 0.34757 0.67286 -0.42751 0.52236 0.62422 0.36429 0.53866 0.97285 0.86233 0.22074 -0.64168 0.22285 0.3729 0.29283 0.25547 0.31543 0.97993 0.40708 0.15456 -0.28875 0.7925 0.14678 -0.06221 -0.50151 -0.31131 0.04162 -0.03632 -0.1489 0.47917 -0.03551 0.24044 0.17335 0.12515 0.12693 0.66117 0.51247 0.08846 -0.32218 -0.04994 0.26537 0.83716 0.59557 0.08196 0.57385 -0.34667
16 -0.45625 0.09812 -0.47085 -0.09146 0.03676 0.24017 0.58509 0.07653 0.23981 0.05385 -0.5734 0.1718 0.30614 -0.45568 -0.43084 -0.34078 -0.43131 0.03995 -0.44808 -0.43929 -0.2139 0.0487 0.37815 0.44854 0.0492 0.26144 0.16327 0.33355 -0.41833 -0.53809 -0.43214 -0.44839 -0.5197 -0.5817 -0.1003 -0.31477 -0.66167 -0.14861 -0.29078 -0.13643 0.3607 0.59221 0.03999 0.25269 0.11597 0.2526 0.36795 0.28918 0.11608 0.54238 0.7384 0.5363 0.20962 0.12957 0.21536
17 0.01439 0.07669 -0.33208 -0.45879 0.05342 -0.22876 0.21264 0.06303 0.47098 0.0477 -0.13645 -0.0605 -0.19892 -0.08899 0.4785 -0.20293 -0.02787 -0.32281 -0.03593 -0.37266 -0.62529 0.02002 -0.13851 0.0282 0.01446 0.39733 0.10151 -0.2983 -0.40741 -0.13188 -0.06326 -0.37766 -0.37963 -0.39751 -0.61725 -0.26095 -0.38712 -0.60066 -1.05027 -0.64969 -0.17205 0.08661 0.0065 0.36882 0.0933 0.36424 -0.12011 0.20094 -0.15623 0.13462 -0.04578 0.11352 0.33923 0.11156 0.38826
18 -0.07999 0.0158 0.05315 -0.51511 0.00296 0.16266 0.07241 0.14683 0.41301 0.15437 -0.07804 -0.05726 0.39211 -0.08985 -0.01197 0.30299 0.01586 -0.22373 -0.1568 0.01131 -0.59031 0.00544 0.13346 0.05883 0.10796 0.35744 0.20416 -0.44175 0.04446 0.074 0.20907 0.12915 0.27144 0.32432 -0.53895 -0.32583 0.70495 -0.41121 -0.73499 -0.27074 0.13784 0.04912 0.10135 0.43617 0.14868 0.11697 0.14821 0.57173 0.23312 -0.18498 0.14921 -0.13753 0.57007 0.25918 0.62981
19 -0.33916 0.04158 -0.04498 0.41091 0.01929 -0.05435 -0.2631 -0.00614 -0.46971 0.03126 -0.43751 -0.21656 0.09973 -0.41811 -0.27587 0.21237 -0.38323 0.19161 -0.30971 0.01842 0.37236 0.01434 -0.01314 -0.40201 0.03118 -0.39523 0.07009 0.56388 -0.00414 -0.09285 -0.11732 -0.05731 -0.36051 -0.01993 0.40681 0.37575 0.08872 0.35554 0.62888 0.36858 -0.0424 -0.30557 0.00307 -0.39646 0.08198 -0.18328 -0.05521 -0.35635 -0.00505 -0.25225 0.32569 -0.28427 -0.46363 0.02567 -0.41251
20 0.25974 0.03639 -0.09518 -0.15218 0.00797 -0.03314 0.89123 -0.01975 -0.1929 0.02303 0.23237 0.02229 -0.11539 0.20896 0.176 0.13121 0.31006 -0.20484 0.2775 -0.10114 -0.27589 0.00801 -0.02574 0.83296 0.00089 -0.24663 0.06511 -0.00814 -0.06175 -0.15994 0.40219 -0.07645 -0.21055 -0.00453 -0.27421 0.09596 -0.49952 -0.1359 0.21698 -0.05031 -0.04216 0.78755 0.00902 -0.21197 0.04869 0.71805 -0.05841 -0.02741 0.02518 0.7957 -0.64317 0.84021 -0.15873 -0.0124 -0.17563
21 1.07263 0.01271 -0.29101 -1.35301 -0.00103 0.05162 1.01848 -0.0027 -0.37177 -0.01226 1.11186 0.7898 -0.15393 1.15571 0.55862 0.05205 1.12846 0.20847 1.0766 -0.29065 -1.33782 0.01437 0.0427 1.0528 0.00633 -0.35163 0.00252 -0.83906 -0.3214 0.04506 0.64589 -0.32161 -0.0511 -0.26128 -1.33324 -0.83753 -0.17823 -1.29728 -0.36152 -1.2556 0.03818 1.12625 0.01042 -0.3761 -0.0109 0.41544 0.0429 -0.07335 0.04232 1.07783 0.08717 1.00423 -0.37702 -0.00078 -0.33908
22 -0.18932 0.0534 -0.10188 0.79167 0.02072 -0.09914 0.13287 0.04232 0.33278 -0.01603 -0.29405 0.1356 0.93448 -0.25488 0.11818 0.51151 -0.19245 0.70736 -0.09831 -0.0808 0.68108 0.01708 -0.07166 0.04187 0.02221 0.28529 0.03277 0.66403 -0.12611 -0.00878 0.11417 -0.1285 0.38151 -0.04045 0.67667 1.00219 -0.16028 0.74688 -0.17162 0.90796 -0.1138 0.07343 0.02163 0.25386 -0.00755 0.39901 -0.04749 0.43535 -0.02741 0.0334 0.04859 0.16025 0.33558 0.05588 0.4343
23 0.08194 0.13997 0.01519 -0.14632 -0.0654 0.39109 0.51206 -0.05397 -0.26352 -0.06895 -0.03062 0.19386 -0.0999 -0.06742 0.31978 0.37163 0.00826 -0.14226 -0.02194 -0.17536 -0.50288 0.02883 0.21939 0.15028 0.03167 -0.43663 -0.02186 0.24309 -0.00991 0.59345 0.42384 0.11109 -0.04153 0.02908 -0.12023 -0.18408 -0.22309 -0.09364 0.34025 -0.05019 0.30728 0.46335 -0.05124 -0.20073 -0.13172 -0.01769 0.34036 0.17984 0.22858 0.52307 0.40442 0.50978 -0.11223 -0.10218 -0.19051
24 0.37037 0.00437 0.46872 -0.16618 -0.00645 0.10821 0.65015 0.00459 -0.75582 0.02271 0.309 0.09167 -0.01179 0.29857 0.31515 -0.07146 0.37686 1.0265 0.30454 0.43179 -0.16423 0.00279 0.0863 0.56615 0.00733 -0.82566 0.02443 -0.39647 0.45852 0.2627 0.00648 0.48759 0.66514 0.37338 -0.14153 -0.42899 -0.01195 -0.09997 0.40126 -0.26518 0.09216 0.51562 -0.00993 -0.82676 0.02462 0.76158 0.14377 -0.6065 0.05437 0.58633 1.19616 0.645 -0.75166 0.03598 -0.79119
25 -0.01801 0.0399 0.12186 9e-04 0.02608 0.08283 0.06097 0.08949 0.34872 0.0152 -0.09173 -0.0371 0.04449 -0.04799 -0.04632 0.13741 -0.22364 -0.03066 -0.0694 -0.00934 -0.07639 0.03125 0.02692 0.06271 0.03764 0.17937 0.06435 -0.0938 0.06989 0.04234 0.07018 -0.09635 0.02266 0.10662 -0.06507 -0.04541 -0.02989 -0.15159 -0.29605 -0.02238 0.02441 0.02484 0.05564 0.22435 0.04464 0.09192 -0.05577 0.27167 0.11541 -0.08026 0.14404 0.00227 0.06921 0.09046 0.36861
26 -0.90827 0.07598 -0.05224 -0.47296 0.0481 0.14696 0.08687 0.20864 -0.12531 0.08731 -0.87996 -0.52527 0.21674 -0.87744 -0.84335 0.43226 -0.64953 -0.6176 -1.05007 -0.04585 -0.52374 0.03757 0.32767 -0.00201 0.12678 0.05101 0.13426 -0.43182 0.01321 0.09808 -0.06557 0.03751 -0.0296 -0.12334 -0.52122 -0.57458 0.00603 -0.48729 -0.41732 -0.65834 0.24517 0.03734 0.11026 0.01638 0.14356 0.07714 0.46227 -0.08863 0.17693 -0.08213 -0.02951 -0.04669 0.18633 0.36289 -0.23901
27 0.99351 0.02099 1.06052 0.40548 0.06048 0.10867 0.27317 0.022 0.59524 0.07918 0.89593 0.27275 -0.27839 0.92614 0.46987 -0.32558 0.92061 0.26399 0.93068 0.91349 0.30437 0.04648 0.11938 0.16571 0.01654 0.53324 0.13431 -0.63211 0.83065 0.80986 -0.25834 0.85187 -0.14927 0.92754 0.24816 0.28671 0.12743 0.30908 -0.10696 0.39846 0.15887 0.24084 0.00426 0.37231 0.11793 0.03852 0.14895 0.44826 0.15136 0.23255 0.10311 0.34202 0.49549 0.09396 0.42654
28 0.07595 0.00853 -0.0652 0.24278 0.01736 0.04443 0.21467 0.00627 0.17282 -0.00123 0.01138 0.20214 -0.00612 -0.01021 0.1092 -0.25047 0.02597 -0.17231 0.08723 -0.14922 0.1536 -0.00039 0.07552 0.16452 -0.00411 0.12229 0.00652 0.44495 -0.14381 0.05251 0.12535 -0.12354 -0.06709 -0.04804 0.10492 0.22644 -0.25301 0.18956 0.07501 0.29809 0.07738 0.14846 0.00396 0.10797 0.02029 0.0914 0.07845 0.16267 0.02556 0.16701 -0.01371 0.23195 0.14384 0.00622 0.17334
29 0.24119 -0.01646 1.33056 0.68351 -0.00576 0.04233 -0.00785 -0.02163 0.76376 0.02116 0.33725 -0.5994 -0.10971 0.28985 0.38834 0.05303 0.30058 -0.23522 0.3321 1.27195 0.7217 -0.00269 1e-04 0.05521 -0.0039 0.73325 0.0436 -0.53072 1.25889 0.80018 -0.84187 1.27147 -0.18235 1.27073 0.68073 0.55262 -0.16727 0.69449 -0.19915 0.6707 0.03968 0.04565 -0.00847 0.71878 0.07721 0.01056 0.01139 0.38684 0.04837 0.05266 -0.44129 -0.02411 0.75275 0.04994 0.68701
30 -0.86449 0.0864 -0.03571 -0.5891 0.10908 0.06125 -1.11677 0.07585 -0.52312 0.02921 -0.92576 -0.37329 0.45702 -0.9168 -0.80938 0.06882 -0.86444 -0.12562 -0.80991 0.06111 -0.58645 0.05886 0.12473 -1.11036 0.03495 -0.48008 0.0863 -0.42236 0.07462 -0.01189 -0.36653 0.081 -0.13331 0.02033 -0.74298 -0.55417 0.76702 -0.6463 0.0792 -0.44207 0.16841 -1.05516 0.02734 -0.51898 0.11358 -0.94432 0.13397 -0.47241 0.11679 -1.00853 0.03672 -1.04791 -0.46301 0.10826 -0.36942
31 0.54288 -0.04826 0.62637 1.34038 -0.09099 0.00559 0.21879 -0.12504 -0.06792 -0.03594 0.52746 -0.03568 -0.48606 0.52902 0.58355 0.05229 0.5533 0.62574 0.53759 0.35509 1.12898 -0.0881 -0.11794 0.22756 -0.06006 -0.19043 0.01615 -0.03791 0.49343 0.43441 0.05514 0.46234 0.77777 0.52926 1.20778 1.04563 -0.73515 1.09527 1.3022 1.33893 -0.10381 0.29619 -0.06075 -0.17623 -0.06572 0.31604 -0.16307 0.03937 -0.05765 0.29956 0.26011 0.21039 -0.19537 -0.05749 -0.14476
32 -1.37361 -0.0129 0.01592 -0.25799 -0.0012 -0.03259 -1.36797 0.00633 0.79205 0.00031 -1.29238 -1.09859 0.60286 -1.31166 -1.27376 0.07972 -1.26588 -0.35635 -1.37697 -0.00495 -0.30217 -0.00452 -0.06168 -1.30299 -0.00188 0.71186 -0.02313 -0.37201 0.01173 -0.07043 -1.07924 0.05783 0.43814 0.01755 -0.25836 -0.26504 0.72485 -0.20904 -0.81145 -0.2599 -0.03611 -1.32552 -0.00236 0.75782 -0.0047 -1.21027 0.00427 0.65524 -0.03357 -1.31074 -0.17397 -1.34717 0.77859 0.00535 0.81125
33 0.26902 -0.03098 -1.19997 0.17035 -0.02305 -0.5193 0.31575 -0.04154 -0.18958 -0.15565 0.21271 1.10069 -0.18241 0.22877 0.81355 -0.02978 0.24278 0.41089 0.43368 -1.21322 0.10305 -0.00328 -0.60835 0.27303 -0.02446 -0.31639 -0.2479 1.05751 -1.21162 -0.64205 1.02926 -1.22976 -0.93385 -1.00442 0.11849 0.81295 -0.27876 0.13153 0.40889 0.43126 -0.60849 0.30778 -0.0169 -0.22331 -0.20003 0.81767 -0.56648 -0.22971 -0.45869 0.33101 0.46223 0.48104 -0.17815 -0.17669 -0.17106
34 0.08818 0.00325 0.8184 0.38571 -0.00369 0.97865 -0.11754 0.00206 -0.05449 0.03849 0.12493 -0.92619 -0.54074 0.12181 -0.98114 0.13106 0.12708 0.06265 0.03693 0.82986 0.36394 0.00095 1.04564 -0.08717 0.00574 -0.07023 0.03486 -0.46152 0.87049 -0.2785 -0.63506 0.83922 0.80394 0.78416 0.36757 -0.56169 -0.02018 0.3745 0.64421 0.35765 1.02283 -0.15275 -0.00121 -0.10421 0.02956 -0.83017 1.02246 0.76419 1.0244 -0.13779 -0.06283 -0.16153 -0.09008 0.0328 0.01851
35 -0.28405 0.08473 -0.81737 -0.16269 0.04635 0.00322 0.6094 0.08386 -0.37536 0.07891 -0.27837 0.30161 0.31507 -0.23117 -0.32157 -0.32722 -0.18022 0.13818 -0.28424 -0.82816 -0.27946 0.03933 0.13349 0.42098 0.04882 -0.42171 0.01757 0.23615 -0.78239 -0.30797 -0.21823 -0.75201 -0.4211 -0.89075 -0.19859 -0.20737 -0.37925 -0.28485 -0.00432 -0.26474 0.11335 0.57264 0.03661 -0.36869 0.05595 0.2896 0.12529 -0.13259 0.08493 0.60668 0.48856 0.47515 -0.36782 0.09828 -0.30724
36 -0.27658 0.01601 1.37294 0.30864 0.01129 0.00404 -0.57479 0.37509 -1.38555 0.03609 -0.28219 0.02824 0.35451 -0.27978 -0.24911 -0.11207 -0.39627 -0.08432 -0.30128 1.33682 0.31061 0.01686 0.01108 -0.56899 0.33837 -1.38799 0.06515 -0.88078 1.35641 1.28078 -1.13555 0.96507 -0.1707 1.34595 0.30469 0.36308 0.30715 -0.11621 1.19881 0.31812 0.0148 -0.54883 0.32896 -1.41387 0.03202 -0.57062 0.30858 -1.34179 0.05243 -0.85872 0.93825 -0.57824 -1.28072 0.35644 -1.26549
37 0.33682 0.03665 0.75888 -0.15341 0.02956 0.11408 -0.13682 0.00675 0.41415 0.02523 0.39057 -0.59011 -0.11631 0.39271 -0.00972 -0.34305 0.38335 -0.35909 0.40617 0.76817 -0.08921 0.01808 0.17362 -0.08916 -0.01049 0.40699 0.05504 -0.93196 0.84049 0.48133 -1.18242 0.67311 -0.02036 0.76899 -0.09479 -0.3554 0.23741 -0.07333 -0.62495 -0.17029 0.14375 -0.09532 -0.01527 0.36561 0.05878 -0.45588 0.12019 0.19889 0.15681 0.02241 -0.52164 -0.04551 0.3805 0.03876 0.44815
38 -0.33268 0.02018 -0.04116 -0.18741 0.01967 -0.06595 0.34324 0.08577 0.20625 0.04567 -0.31929 -0.56808 -0.27675 -0.25171 -0.52423 -0.01779 -0.1673 -0.66942 -0.39483 -0.04695 -0.26914 0.01175 -0.08409 0.23577 0.04786 0.18686 0.04073 -0.24662 0.00129 -0.05436 0.19333 0.18278 0.12939 -0.01089 -0.15393 -0.08625 0.07802 -0.02657 -0.27157 -0.17582 -0.02777 0.28714 0.02831 0.22861 0.05502 0.33546 0.09774 0.00862 -0.01528 0.29257 0.10017 0.2893 0.33946 0.11409 0.25044
39 0.27854 -0.01284 -0.55299 -0.14594 -0.00464 -0.08695 0.17248 0.2444 -0.05467 -0.01594 0.28951 0.66391 -0.23087 0.29608 0.38331 0.02713 0.04799 0.2831 0.30533 -0.5486 -0.11262 -0.0079 -0.06373 0.21873 0.2514 -0.00738 -0.0187 0.48784 -0.61092 -0.27879 0.53086 -0.31671 0.45458 -0.52779 -0.12267 -0.0416 -0.29512 -0.35865 -0.07738 -0.07649 -0.08259 0.19738 0.23965 -0.05088 -0.02077 0.24004 0.15142 0.09238 -0.0672 0.01308 0.20518 0.17828 -0.21152 0.20754 -0.03318
40 0.7366 0.01372 0.09582 -0.0221 0.00229 0.1739 0.07461 0.03694 -0.03139 0.02267 0.68672 -0.64429 -0.71174 0.72538 0.52247 0.45049 0.74053 0.29854 0.64567 0.08952 -0.03283 0.01324 0.16917 0.06502 0.0119 -0.07979 0.04074 -0.03052 0.08386 -0.14891 0.02777 0.03419 0.03606 0.04033 -0.03425 -0.20528 -0.05841 -0.04238 -0.07223 -0.05574 0.17223 0.07358 0.02545 -0.07524 0.02597 0.23814 0.19559 -0.12682 0.13913 0.0931 0.19224 0.05931 -0.09343 0.07032 -0.00384
41 -0.33603 0.02495 -0.26296 -0.22712 0.0356 -0.22457 -0.28731 0.02362 -0.72351 0.00441 -0.3989 -0.13021 -0.19277 -0.42421 -0.09843 0.14435 -0.40942 0.03096 -0.30548 -0.35646 -0.31202 0.01777 -0.24023 -0.27768 0.01649 -0.80749 0.04807 0.24623 -0.33597 -0.22573 0.07105 -0.3027 -0.2276 -0.22992 -0.35626 -0.00726 -0.17492 -0.30025 0.34419 -0.32254 -0.21477 -0.3067 0.03079 -0.80365 0.0475 -0.1207 -0.25609 -0.57487 -0.18662 -0.31742 0.1521 -0.36698 -0.80188 0.03505 -0.82679
42 0.23795 0.04871 0.01719 -1.09615 0.05419 0.06025 0.3241 0.1707 -0.24429 -0.03982 0.03242 0.20432 0.34621 0.01813 0.2002 -0.19945 -0.10258 0.50454 0.115 -0.04087 -1.11206 0.01351 0.10691 0.18671 0.07013 -0.27628 0.01843 -0.79088 -0.01084 -0.036 0.1411 -0.1038 -0.04044 -0.09807 -1.11777 -1.01594 -0.76309 -1.15491 -0.749 -1.08747 0.12115 0.18665 0.10994 -0.27252 0.02019 0.32403 0.17912 -0.11765 -0.00574 0.15079 0.27944 0.23363 -0.17844 0.12593 -0.27047
43 0.12193 -0.01849 -0.79242 -0.32638 -0.02628 -0.05632 0.19983 -0.02371 -0.61404 -0.03152 0.10376 0.92562 0.24617 0.07885 0.21428 0.00873 0.10653 0.72021 0.18501 -0.9213 -0.43553 0.02279 -0.10813 0.1328 0.0043 -0.73862 -0.05096 0.47824 -0.9399 -0.62349 0.55273 -0.87925 -0.04036 -0.74095 -0.31861 -0.31864 -0.13107 -0.31065 0.21216 -0.30948 -0.09674 0.21963 -0.02309 -0.69761 -0.04589 0.20505 -0.0804 -0.49191 -0.053 0.24458 0.29552 0.24545 -0.70027 -0.02275 -0.59539
44 -0.7156 0.01204 -0.39945 0.0337 0.02097 -0.08082 -0.31976 0.04374 -0.06661 0.06314 -0.6773 -0.18189 0.50686 -0.67087 -0.72063 0.19881 -0.59816 -0.06739 -0.73984 -0.29628 0.06721 0.00023 -0.00939 -0.33532 0.0224 -0.01542 0.14868 0.30341 -0.29834 -0.28057 0.06481 -0.24577 0.21042 -0.46433 0.05474 0.03975 0.15995 0.02092 0.23014 -0.07919 -0.02814 -0.30565 0.01098 -0.06831 0.15501 -0.39027 0.09253 0.00652 -0.05668 -0.26323 -0.13714 -0.40798 -0.03949 0.21237 -0.10467
45 0.17664 -0.00839 0.16279 1.23388 -0.01142 0.12473 0.03931 -0.00951 0.4476 0.04505 0.15018 -0.07064 -0.86432 0.1339 -0.04701 -0.09375 0.13688 -0.31735 0.13167 0.15728 1.25564 0.00165 0.11066 0.07122 0.00441 0.46229 0.02694 0.7729 0.15975 0.07813 -0.19663 0.10488 0.11338 0.21834 1.24012 0.9122 -1.03077 1.20098 0.62297 1.11855 0.11828 0.04535 -9e-05 0.46302 0.0091 -0.1804 0.08444 0.25145 0.13867 0.07046 -0.48166 -0.01879 0.38767 0.03477 0.54289
46 -0.30203 0.20044 0.39094 -0.21056 0.11773 0.01039 0.18221 0.04241 0.05578 0.08015 -0.53173 -0.22013 0.00487 -0.30797 -0.20971 -0.00379 -0.34581 -0.36842 -0.23326 0.38214 -0.52745 0.0756 0.22491 -0.02487 0.07732 0.06368 0.14829 -0.4314 0.45708 0.43583 -0.07747 0.38483 0.42368 0.55924 -0.29678 -0.21464 -0.25609 -0.32011 -0.34269 -0.27558 0.16728 0.16777 0.06263 0.10775 0.06751 0.22998 0.07178 0.06073 0.12593 0.16962 0.03246 0.27221 0.01205 0.06694 0.13248
47 0.25233 -0.00334 0.0284 0.29516 -0.00539 0.01124 0.23905 -0.00695 -0.20195 0.02051 0.22209 0.11321 -0.31867 0.23561 0.20718 -0.06656 0.23595 0.26133 0.2059 -0.0171 0.21879 -0.00062 -0.03317 0.22368 0.00257 -0.24929 0.01337 0.2755 -0.01721 -0.01239 0.16104 -0.02224 -0.13675 0.01137 0.25181 0.35025 -0.22414 0.23726 0.66626 0.26257 -0.01647 0.24902 -0.00289 -0.22285 0.0124 0.27076 -0.02044 -0.10857 0.00398 0.26528 0.49636 0.20142 -0.21574 0.01118 -0.18618
48 0.0554 -0.00653 -0.47902 0.1531 -0.00798 0.42624 -0.05765 0.41402 0.18664 0.01758 -0.00067 -0.15993 0.27211 0.02412 0.06368 0.0033 0.22863 0.00503 0.03074 -0.50638 0.11594 -0.0011 0.27491 -0.15676 0.39259 0.08245 -0.04876 0.53305 -0.48411 -0.0756 -0.20403 -0.25153 -0.19391 -0.41822 0.13516 -0.16167 0.28929 -0.44537 0.02758 0.17076 0.33628 -0.13176 0.36612 0.12968 -0.03097 0.00742 0.64486 0.4353 0.46773 -0.00085 -0.05107 -0.05688 0.04951 0.40166 0.23001
49 0.61547 0.00756 -0.05564 0.18013 -0.00135 -0.11729 1.1249 0.00616 1.29901 -0.00096 0.56774 0.44115 -0.33777 0.56854 0.58777 0.55386 0.57882 0.59654 0.59764 -0.09195 0.10407 0.00743 -0.13829 1.0968 -0.00395 1.19073 0.00503 0.33492 -0.07949 0.00384 0.94702 -0.07146 1.21194 -0.03425 0.14797 0.437 -0.85419 0.15578 -0.66666 0.20758 -0.15304 1.1192 -0.00122 1.23463 -0.00563 1.17513 -0.13048 1.29071 -0.10018 1.09157 -0.01771 1.10143 1.186 0.00428 1.28828
50 -0.0021 -0.00939 -1.13297 0.16826 -0.0182 -0.72319 0.54855 0.15958 -0.44826 -0.18064 -0.01991 0.88392 -0.15531 -0.01018 0.54608 -0.19448 -0.14939 0.34223 0.20137 -1.23082 0.17919 0.00667 -0.69548 0.53816 0.1259 -0.41174 -0.23404 1.16243 -1.19208 0.00522 0.71959 -1.23194 -0.64319 -0.77905 0.14788 0.9305 -0.69239 0.03332 0.76323 0.4021 -0.75272 0.51511 0.125 -0.39778 -0.23859 0.47527 -0.5186 -0.67432 -0.69479 0.3312 0.82287 0.64039 -0.06799 -0.01957 -0.46167
51 1.02228 0.01571 -0.01823 0.0779 0.02613 0.07664 0.80974 0.05149 -0.29549 0.13106 0.99985 0.67561 -0.73048 0.93136 0.58692 -0.16343 0.94192 0.73933 0.75767 0.04463 0.07985 0.0214 0.12979 0.7633 0.03957 -0.25666 0.14838 0.08994 0.02897 0.04698 0.62512 0.03575 -0.03234 0.02417 0.03197 -0.11051 -0.45856 -0.01526 0.46593 -0.15898 0.11991 0.70206 0.01525 -0.20423 0.10367 0.3912 0.09883 -0.06999 0.0926 0.67611 0.78726 0.51203 -0.24194 0.09034 -0.10716
52 -0.02317 -0.01629 -0.06507 0.07834 -0.00351 -0.08658 0.35977 -0.01192 0.33915 -0.05589 0.03732 0.08298 -0.1708 0.0358 -0.06778 0.02405 0.07503 -0.3892 0.02315 -0.09881 0.01083 0.002 -0.13341 0.41091 -0.00297 0.29271 -0.04923 0.19808 -0.0934 -0.05955 0.38622 -0.04332 0.26267 -0.09545 0.05047 0.23718 -0.4326 0.10429 -0.30197 0.05958 -0.09805 0.41085 -0.01055 0.34595 -0.0274 0.19258 -0.09527 0.23159 -0.19877 0.44003 -0.11953 0.40421 0.35148 -0.04634 0.27739
53 -1.27816 0.02309 0.35884 0.35821 0.02561 0.13042 -1.46557 0.12765 0.07053 0.0402 -1.21757 -1.00469 0.7784 -1.21162 -1.30173 0.01072 -1.213 -0.85715 -1.2587 0.39127 0.34259 -0.00184 0.19544 -1.37376 0.05563 0.11481 0.06423 -0.02096 0.36866 0.25715 -1.30958 0.37074 0.02136 0.35489 0.20555 0.29191 0.65655 0.12895 0.30189 0.30711 0.17122 -1.28407 0.05959 0.04135 0.01077 -1.49543 0.27359 0.05165 0.14474 -1.28247 -1.13379 -1.40086 0.11687 0.11199 0.058
54 0.02096 0.18561 0.13964 -0.88404 0.50076 0.09375 -0.10294 0.62794 -0.23833 0.06656 -0.23885 -0.20212 0.06211 -0.15673 0.14015 -0.29422 -0.46785 -0.45961 -0.05856 0.0757 -0.91464 0.33609 0.2427 -0.25093 0.2299 -0.51443 0.18327 -0.13374 0.31758 0.24729 -0.8106 -0.3054 -1.04718 0.0863 -1.29065 -0.75722 -0.11044 -1.10346 0.21796 -0.83284 0.47635 0.21639 0.24282 -0.41948 0.61591 -0.12696 0.38928 -0.41892 0.16242 0.05345 0.00614 -0.197 -0.65057 0.63536 -0.26124
55 0.04443 0.01628 0.02149 0.20205 0.00862 -0.03848 0.41983 0.02312 1.06739 0.00575 -0.02848 -0.00512 0.26524 -0.00498 0.06534 0.19969 0.04405 0.73421 0.02441 0.02336 0.18852 0.00436 -0.054 0.33479 0.00586 1.05267 0.00016 0.20831 0.03867 0.02365 0.1442 0.08915 0.69115 -0.03918 0.18171 0.36244 -0.22747 0.24344 -0.80501 0.22615 -0.06736 0.37016 -0.00438 1.09096 -0.00215 0.38575 -0.01706 1.07088 -0.04565 0.37255 0.25054 0.33861 1.14136 0.02922 0.9646
56 0.24924 -0.01475 -0.0402 -3e-05 -0.00251 -0.39356 -0.13804 0.02383 -0.85496 -0.01646 0.26114 0.33775 -0.08314 0.29689 0.37352 0.15938 0.28529 0.57346 0.2685 -0.01789 0.04963 -0.0085 -0.37708 -0.10332 0.02007 -0.84279 -0.03479 0.09537 -0.02437 -0.33288 -0.03456 -0.00014 -0.62852 -0.05596 0.02946 0.41837 0.13358 0.02892 0.71834 0.00195 -0.39655 -0.08678 0.01908 -0.80867 -0.02233 0.20042 -0.34247 -0.79849 -0.30103 -0.15239 0.38746 -0.10323 -0.74193 0.01202 -0.84538
57 -0.01194 -0.01986 -0.20485 -0.16132 -0.01704 0.21707 0.03028 0.0502 -0.00126 0.07107 -0.01556 0.20755 0.18518 -0.02473 -0.18541 0.07177 -0.07593 0.01285 -0.08848 -0.24226 -0.1937 0.00031 0.14967 0.0701 0.06277 -0.1251 0.00833 0.05656 -0.20171 -0.09216 0.37284 -0.05141 0.02237 -0.13402 -0.16767 -0.54769 0.23344 -0.07881 -0.18182 -0.26725 0.19719 0.04153 0.04535 -0.11645 0.02813 -0.11713 0.34102 0.16293 0.17091 -0.08195 0.181 0.00905 0.10297 0.16124 0.00039
58 0.29011 0.01107 -0.56306 0.28382 0.01022 0.41141 1.16881 0.01774 0.90228 0.02635 0.16948 0.64427 -0.02281 0.2626 -0.1105 -0.02327 0.28548 -0.49484 0.25963 -0.65319 0.18881 0.01441 0.34064 1.05555 0.01083 0.82128 0.0718 0.54018 -0.58955 0.26221 1.25343 -0.57548 0.59219 -0.53408 0.25798 -0.1217 0.0704 0.34274 -0.22717 0.24703 0.3836 1.13692 -0.00022 0.93752 0.07757 0.27005 0.47307 -0.13738 0.29695 1.12677 0.06736 1.12802 0.96919 0.09264 0.83034
59 -0.22004 0.00442 1.34058 -0.91863 0.00472 -0.05505 -0.20374 0.00125 -0.22019 0.00446 -0.18172 -0.96866 0.23408 -0.22158 -0.1747 0.07074 -0.20908 -0.09636 -0.26339 1.2862 -0.86742 0.02236 -0.10794 -0.1458 0.01308 -0.31408 0.04933 -1.06913 1.33697 1.088 -0.82672 1.26638 0.51964 1.29223 -0.92197 -0.97264 0.04777 -0.94152 -0.61029 -0.98518 -0.10863 -0.1986 0.00756 -0.25825 0.0267 -0.14616 -0.12927 -0.19579 -0.09978 -0.18839 -0.11264 -0.24222 -0.34476 0.0226 -0.26608
60 -0.74598 0.04223 0.23754 -0.07943 0.02584 -0.11555 0.61176 0.15 0.74765 0.0629 -0.7197 0.47495 0.63772 -0.77346 -0.36128 0.66546 -0.59906 0.59536 -0.82422 0.21304 -0.09954 0.00384 -0.06971 0.56706 0.09428 0.66606 0.14518 -0.24243 0.18051 0.33079 0.23452 0.31638 0.22489 0.08112 -0.07318 0.08325 -0.42644 -0.18693 -0.47077 -0.22118 -0.12736 0.52229 0.1142 0.64771 0.12184 0.86523 0.06276 0.9181 -0.03489 0.41895 -0.17085 0.4119 0.55702 0.23023 0.58765
61 -0.09721 -0.03274 -0.24497 0.10644 -0.01288 0.08611 0.32197 0.02691 1.08991 -0.0188 -0.08981 -0.00665 -0.18203 -0.10209 -0.05696 -0.29878 -0.1189 -0.81462 -0.03723 -0.29996 0.0322 -0.00804 0.02057 0.2372 0.00113 1.00355 -0.11816 0.25915 -0.29206 -0.26272 0.06743 -0.25545 0.19321 -0.18222 0.05623 -0.24096 -0.04226 0.15426 -0.51213 0.17337 0.11892 0.25712 0.00738 1.05902 -0.09281 0.19649 0.07892 0.05473 0.10959 0.28866 -0.14861 0.43009 1.05048 -0.0748 1.22026
62 0.25244 -0.02014 -0.17421 -0.55679 0.01573 -0.04802 0.37758 -0.01817 -0.72783 -0.00436 0.23083 0.36301 0.3046 0.16725 0.21207 -0.10505 0.28748 0.37553 0.25101 -0.18497 -0.57717 0.00142 -0.12215 0.43796 -0.00305 -0.61671 -0.03249 -0.37475 -0.0869 -0.07276 0.47134 -0.21933 -0.78935 -0.18468 -0.44167 -0.31706 0.38713 -0.61466 -0.50926 -0.58052 -0.0279 0.33865 0.01059 -0.53124 0.01715 0.22626 -0.09534 -0.70225 -0.03364 0.48716 0.73244 0.35166 -0.65261 -0.01958 -0.76938
63 0.8047 0.00143 -0.50553 -1.32719 -0.00543 -0.0835 0.56223 -0.01409 -1.00441 -0.01178 0.78503 0.69847 0.65509 0.83465 0.37655 -0.44552 0.81999 0.49721 0.78745 -0.54718 -1.20275 -5e-04 -0.06756 0.49029 -0.02207 -0.96481 0.01244 -0.182 -0.54853 -0.21198 0.60997 -0.5982 -0.4226 -0.4411 -1.28288 -0.95502 0.66946 -1.17544 -0.1216 -1.31519 -0.09552 0.57113 -0.00394 -1.00232 -0.0017 0.34714 -0.11329 -0.42627 -0.06408 0.52166 0.56391 0.57234 -0.97076 0.00189 -0.93911
64 -0.13457 0.00792 -0.21238 -0.38163 0.02307 -0.09551 0.6943 0.01324 0.1844 -0.00389 -0.19696 0.16539 0.19539 -0.1813 0.00041 -0.2915 -0.17443 -0.18795 -0.1419 -0.25193 -0.44167 0.01922 -0.12407 0.63806 0.00455 0.1891 0.00186 -0.04569 -0.17988 -0.19048 0.88856 -0.21843 -0.04081 -0.19506 -0.41221 -0.18624 -0.24519 -0.4207 -0.58404 -0.35506 -0.09725 0.62303 0.01028 0.16587 0.00772 0.71795 -0.13039 0.11364 -0.0915 0.64235 0.48716 0.70329 0.18476 0.00398 0.17092
65 -0.31534 0.01829 0.10431 -0.04671 0.00301 0.0087 -0.47151 0.01894 -0.03553 0.03442 -0.30683 -0.42344 0.17024 -0.30593 -0.17832 0.18952 -0.32148 -0.25856 -0.26216 0.15155 -0.03713 0.01467 0.03686 -0.46254 0.0069 0.01831 0.05062 -0.25077 0.12968 0.10491 -0.45532 0.12957 -0.24125 0.02474 -0.02148 -0.02633 0.35438 -0.03556 -0.01837 -0.14317 0.04491 -0.45634 0.00071 -0.01591 0.02958 -0.32985 0.05024 0.00153 0.02461 -0.48923 0.07625 -0.40041 0.02429 0.04273 -0.28062
66 -0.53789 0.0138 -0.17104 0.57846 0.0215 0.40554 0.74536 0.10829 -0.09922 0.00798 -0.47244 -0.4065 -0.08022 -0.49387 -0.55808 -0.06998 -0.3694 0.00857 -0.59682 -0.1175 0.63221 0.01275 0.4604 0.78596 0.0511 -0.15617 0.03558 0.68776 -0.11751 0.1581 0.62795 0.06139 -0.09457 -0.14058 0.59169 0.04025 -0.285 0.6599 -0.05464 0.62791 0.4347 0.74835 0.06317 -0.12799 0.03271 0.13731 0.59813 0.06925 0.38531 0.7821 0.22139 0.70298 -0.19653 0.13114 -0.06721
67 -0.25357 -0.07894 -1.27213 -0.05538 -0.08447 -0.10293 0.33489 0.01502 -0.085 -0.03288 -0.25878 0.79965 0.17909 -0.22994 -0.16818 0.13667 -0.41228 0.27842 -0.19091 -1.21108 -0.10148 -0.01225 -0.23344 0.36107 0.00575 -0.1509 -0.11054 0.97299 -1.2222 -1.22974 1.05304 -1.20981 0.89751 -1.15451 -0.02621 -0.03088 -0.15966 -0.20642 0.10216 -0.0055 -0.1766 0.38861 0.0521 -0.10082 -0.08896 0.41605 -0.09439 -0.09646 -0.06185 0.27349 0.02403 0.38867 -0.25627 0.01194 -0.05964
68 0.2216 -0.0099 0.07178 0.15501 -0.0124 -0.1301 0.22011 0.0018 0.13346 -0.10863 0.1223 -0.02087 -0.00283 0.12354 0.08856 0.17627 0.1216 -0.05593 0.27569 0.05349 0.10992 -0.00548 -0.09941 0.06954 0.03892 0.11406 -0.17552 0.00895 -0.00499 0.24731 0.09118 0.09022 -0.05934 0.0694 0.10421 0.11647 -0.05009 0.16183 -0.03571 0.07661 -0.15047 0.09141 0.02944 0.08389 -0.15179 0.08179 -0.08476 -0.10877 -0.14259 0.21858 -0.06015 0.12583 0.14154 -0.10841 -0.10199
69 0.1138 -0.02575 -0.20553 0.34424 -0.01051 -0.0133 0.50942 -0.00537 0.0691 -0.02784 0.08794 0.27322 -0.14479 0.06551 0.21485 -0.12952 0.11266 0.12826 0.14465 -0.16749 0.31699 -0.00692 -0.07614 0.428 -0.00706 0.03093 -0.07914 0.45158 -0.18919 -0.16713 0.53015 -0.15366 0.0011 -0.24974 0.32047 0.43054 -0.13646 0.36977 0.28279 0.33692 -0.04711 0.43074 -0.00709 0.04692 -0.05354 0.62986 -0.01295 0.09784 0.00869 0.49448 0.50174 0.53867 0.10138 -0.0418 0.02648
70 0.02257 0.2605 0.60414 0.0451 0.20619 0.13019 -0.4225 0.25225 0.46642 0.04766 0.03073 -0.08751 -0.2538 0.13639 0.20666 -0.04911 0.14371 -0.10691 0.0807 0.36546 0.16363 0.03038 -0.22671 -0.3578 0.03414 0.27652 0.3178 0.01383 0.38335 0.25777 -0.38673 0.33934 0.17259 0.48632 0.16075 0.3927 -0.23633 0.16273 -0.12296 -0.03664 -0.26811 -0.28059 0.0156 0.29911 0.22513 -0.0375 -0.33805 0.14304 0.18408 -0.3369 -0.51055 -0.5251 0.27626 0.22151 0.43919
71 0.9814 -0.00779 0.44002 -0.15325 -0.01707 -0.17306 -0.6652 -0.01264 -0.55844 0.00641 1.03636 -0.18633 -0.92233 1.01427 0.17248 -0.08656 1.01108 -0.35922 0.87543 0.35419 -0.16614 -0.00117 -0.20846 -0.72477 -0.00643 -0.62151 0.00012 -0.47194 0.3535 0.30176 -0.41671 0.39878 -0.39401 0.36336 -0.19966 0.01364 0.2395 -0.13372 0.50327 -0.20092 -0.22559 -0.73805 -0.01838 -0.66943 -0.01581 -0.16426 -0.17784 -0.18988 -0.17803 -0.68859 -0.00213 -0.64341 -0.54321 0.00202 -0.50497
72 -0.23023 0.9399 -0.73919 -0.12022 0.39494 -0.11836 0.20385 0.42388 0.36602 0.48674 0.04076 0.63404 0.85779 -0.54604 -0.15841 -0.15323 -0.46189 0.89205 0.04307 -0.23431 -1.07256 0.8058 0.78828 0.53351 0.6631 0.26862 0.67782 0.42125 -0.04455 -0.33002 0.35865 -0.13592 -0.10107 -0.53525 0.0089 0.11074 0.37101 -0.07168 -0.50626 -0.57749 0.17933 0.01864 0.07796 1.03751 0.7944 0.09098 0.2523 0.47982 0.37993 0.09504 0.78317 0.42643 0.93086 0.69649 0.09274
73 0.17715 -0.00854 -0.21735 0.38095 -0.0094 0.16864 0.84396 0.0805 -0.69544 0.01633 0.12879 0.06728 -0.31188 0.15733 -0.01787 0.17681 0.20269 -0.07969 0.14295 -0.22594 0.44517 -0.02039 0.18115 0.80273 0.07205 -0.69982 -0.01387 0.67341 -0.37227 -0.0178 0.74038 -0.11704 -0.06399 -0.20824 0.28034 0.29818 -0.56363 0.41039 0.50994 0.35744 0.13501 0.76866 0.04758 -0.79724 -0.01469 0.6025 0.28102 -0.52794 0.20123 0.74963 0.11788 0.81873 -0.77993 0.07656 -0.68998
74 -0.05211 -0.06589 -0.18583 0.27594 -0.01859 -0.14917 0.62408 -0.01933 0.38787 -0.02904 -0.03524 -0.02271 -0.11958 -0.0259 0.13105 -0.22869 0.01218 -0.24169 -0.00678 -0.09119 0.28948 -0.03732 -0.23059 0.56822 -0.01242 0.27936 -0.07475 0.03685 -0.09418 -0.1037 0.03273 -0.11851 -0.16245 -0.15689 0.2727 0.43767 -0.19744 0.3167 0.13379 0.30383 -0.20602 0.60569 -0.01925 0.30178 -0.03511 0.70933 -0.17389 0.34974 -0.12938 0.6507 0.20018 0.66037 0.30764 -0.02733 0.39178
75 -1.04679 -0.05754 -1.26335 -0.86078 -0.01603 -0.07318 1.01849 -0.02901 0.08353 -0.04963 -0.88846 -0.38847 0.269 -0.99708 -0.72564 0.9714 -0.94318 0.65821 -0.81245 -1.14883 -0.75822 -0.0353 -0.12447 0.98496 -0.04033 0.09779 -0.07388 0.39171 -1.29387 -0.94613 0.53547 -1.28584 0.94802 -1.15259 -0.74219 -0.8187 -0.33096 -0.74115 -0.01617 -0.77477 -0.1092 0.99724 -0.01737 0.10335 -0.07365 1.03349 -0.05787 0.24392 -0.01146 1.1175 -0.44035 1.11685 0.13273 -0.04649 0.16195
76 -0.97959 0.02036 -0.40373 -0.32033 0.00803 -0.05344 0.07248 0.03101 0.44935 0.04046 -1.03223 -0.35661 -0.00029 -0.99935 -0.69412 0.5234 -1.00108 -0.56514 -1.01575 -0.41933 -0.48834 0.03303 -0.07369 -0.01112 0.03047 0.34922 0.06202 -0.18873 -0.42722 -0.27816 0.695 -0.4329 0.22916 -0.41583 -0.40226 -0.08703 0.20073 -0.57596 -0.2524 -0.33959 -0.06685 0.01288 0.07199 0.39904 0.04147 0.22637 -0.09195 0.41525 -0.02584 0.02104 -0.28691 0.02475 0.27072 0.0669 0.46129
77 -0.02526 0.01221 -1.08114 -0.06218 0.03212 -0.22678 0.41157 0.24544 -0.04521 0.03248 0.1453 -0.10305 -0.04643 0.19438 -0.10372 0.31026 0.25687 -0.13604 0.07878 -1.09091 0.016 -0.01626 -0.25804 0.46434 0.12841 0.17942 -0.03691 -0.22485 -1.15772 -0.77159 0.57605 -1.03589 -0.5808 -1.0725 -0.02116 0.10996 -0.157 -0.06921 -0.02788 0.06081 -0.25894 0.47147 0.13127 0.07116 -0.03014 0.6383 0.05407 0.13004 -0.14427 0.28352 0.11683 0.55804 0.23015 0.23802 0.09251
78 -0.73278 0.35944 0.61311 0.20621 0.30408 0.42867 -0.75208 0.26887 -0.00199 0.21687 -0.51118 0.13636 0.63633 -0.56761 -0.44511 0.02012 -0.57629 -0.19492 -0.48232 0.20262 0.41432 0.00513 0.13611 -0.6563 0.03171 -0.06872 0.14062 0.48054 0.15407 0.27859 -0.10107 0.24307 0.48335 0.30616 0.40929 0.52843 0.59308 0.42034 0.7518 0.45984 0.09588 -0.67676 0.00113 -0.11246 0.10946 -0.57878 0.11049 -0.02243 0.20603 -0.6668 -0.29335 -0.55743 -0.17623 0.13685 0.03355
79 -0.57748 0.02547 0.16804 0.02079 0.02077 -0.07995 -0.38395 0.03744 -0.02201 0.03179 -0.5641 0.68158 0.6595 -0.5351 -0.53622 -0.13216 -0.59911 -0.29193 -0.58998 0.23535 0.04987 -0.00483 -0.10518 -0.32892 0.00592 -0.0103 0.02504 -0.11432 0.17699 0.2553 0.51625 0.12043 0.29604 0.26161 0.00813 0.14533 0.43631 -0.03487 0.06131 0.0618 -0.12566 -0.28891 -0.0097 -0.05201 0.04674 -0.35465 -0.11117 -0.07408 -0.09568 -0.34278 -0.23804 -0.3656 -0.02221 0.0637 -0.00837
80 0.78221 -0.05437 -0.37775 -0.06648 -0.0139 0.07378 -0.15608 0.01217 0.22922 -0.00649 0.78223 0.41946 -0.4669 0.76968 0.53965 0.28114 0.79106 0.46062 0.72849 -0.24518 0.02845 -0.01148 -0.00908 -0.08809 -0.00639 0.24009 -0.0542 0.4879 -0.21696 -0.43838 0.03923 -0.30871 0.04582 -0.38512 -0.00573 -0.07549 0.0917 -0.04251 -0.11867 -0.07436 0.08042 -0.09485 -0.00321 0.23806 -0.00896 -0.24991 0.06973 0.15194 0.05506 -0.1226 0.06195 -0.17465 0.16508 0.01901 0.20695
81 -0.78097 0.00466 -0.06022 -0.89193 0.02682 0.02227 -0.12429 0.45558 0.5126 0.0041 -0.76885 -0.70956 0.31386 -0.80082 -0.73752 0.44585 -0.783 -1.05459 -0.68689 -0.05047 -0.78038 0.01493 0.02953 -0.1229 0.35392 0.51316 -0.01388 -0.87795 -0.03969 -0.06412 0.00169 0.41562 0.29754 -0.02 -0.84112 -0.99358 0.67538 -0.48666 -1.08579 -0.79412 0.07467 -0.2177 0.28383 0.41976 0.0088 -0.07504 0.59617 0.38849 0.08985 -0.69469 -0.76301 -0.11599 0.45179 0.39113 0.5274
82 0.0977 0.00227 -0.423 0.11565 0.02109 -0.07455 -0.07211 0.01724 -0.31079 0.00297 0.13665 0.15673 -0.37943 0.15637 -0.11979 -0.11313 0.11924 -0.12097 0.08742 -0.45679 0.12215 -0.00315 -0.12294 -0.02775 -0.01492 -0.27169 -0.01291 0.39349 -0.38877 -0.29146 0.25429 -0.30292 -0.23151 -0.36292 0.10908 0.32778 -0.10056 0.19006 0.50034 0.1387 -0.08562 -0.03794 -0.01593 -0.26741 0.01156 -0.18827 -0.01098 -0.18754 -0.04159 -0.06195 -0.02132 -0.08741 -0.19623 0.02261 -0.34678
83 0.9917 -0.01522 0.7632 -0.08007 -0.00813 -0.06 0.66935 -0.01635 0.13507 0.01786 1.02259 0.19528 -0.30406 1.00719 0.96958 -0.30904 1.057 0.51788 0.86237 0.8275 -0.00538 -0.01319 -0.06436 0.67826 -0.00679 0.16392 0.02864 -0.05617 0.75125 0.84654 -0.08256 0.86762 0.54022 0.73612 -0.03145 0.12237 -0.34671 -0.01502 -0.1222 -0.13766 -0.08477 0.71186 -0.00616 0.18563 0.03413 0.71339 -0.0276 0.29997 -0.03867 0.64716 0.05914 0.62278 0.12634 0.01792 0.06582
84 0.01238 -0.05271 -0.07913 -0.20048 -0.04055 -0.29558 0.05551 -0.03082 0.14157 -0.14489 -0.04592 -0.13273 0.06853 -0.01953 -0.01726 -0.00037 -0.07963 -0.51533 0.05877 -0.16794 -0.31121 -0.00586 -0.3521 -0.02641 -0.01194 0.02364 -0.25255 -0.47427 -0.12905 -0.30049 -0.06743 -0.16321 0.02563 0.02686 -0.19897 -0.29582 0.00992 -0.28367 -0.40032 -0.25044 -0.31697 0.0165 -0.01955 -0.01229 -0.22118 0.07345 -0.28275 -0.09714 -0.15954 -0.02107 -0.38707 0.13103 0.05372 -0.22833 0.12223
85 -0.34507 -0.01238 -0.14959 -0.45791 -0.01056 -0.14666 0.43149 0.05963 0.86296 0.01299 -0.32061 -0.10495 0.35144 -0.33728 -0.02427 -0.16132 -0.32723 -0.64668 -0.33884 -0.15569 -0.45645 -0.00454 -0.16358 0.38233 0.05383 0.85692 -0.01687 -0.38476 -0.20782 -0.25336 0.49699 0.00774 0.63205 -0.13149 -0.36111 -0.28279 -0.08143 -0.40454 -0.80452 -0.49946 -0.15849 0.41101 0.04893 0.86257 -0.01648 0.51137 -0.11763 0.36159 -0.08348 0.29229 -0.32645 0.40347 0.74883 0.0455 0.84655
86 0.54175 0.00959 -0.54143 -0.08665 0.01187 -0.00687 0.70695 0.01943 -0.72292 -0.02336 0.47039 0.2154 -0.18168 0.49945 0.61371 0.03062 0.5327 0.31282 0.62749 -0.47536 -0.16979 0.00176 0.01061 0.67437 0.01716 -0.60569 0.00555 0.2683 -0.5061 -0.53415 0.26634 -0.42735 0.04294 -0.47229 -0.16853 -0.04026 -0.2206 -0.02528 0.68456 0.0128 0.0031 0.70259 0.02006 -0.6365 0.00152 0.74783 0.01133 -0.72954 -0.03521 0.71823 0.22695 0.76563 -0.59628 0.01289 -0.67469
87 -0.01964 0.06165 0.16775 -0.16912 0.06777 0.14136 0.22899 0.08106 0.23892 0.02436 0.06442 0.00946 -0.15195 0.04511 -0.14831 0.06089 0.10714 0.17149 -0.02209 0.21299 -0.16458 0.01452 0.26205 0.31627 0.04242 0.30425 0.08418 -0.34571 0.18097 0.07355 0.13794 0.21949 0.07783 0.16195 -0.25568 -0.32185 -0.3975 -0.16582 -0.42175 -0.19209 0.25776 0.31891 0.02115 0.25622 0.09031 0.00583 0.26507 0.16958 0.10853 0.32725 0.10135 0.21668 0.314 0.11118 0.24543
88 -0.06143 -0.0024 -0.77287 -0.75276 -0.0278 2e-04 0.29868 -0.04205 -0.11922 -0.00016 0.01859 0.39304 0.59059 -0.03736 -0.0381 -0.22376 -0.02924 0.0549 -0.05552 -0.70719 -0.54807 -0.00636 0.02726 0.38604 5e-05 -0.11936 -0.00263 -0.05247 -0.77848 -0.7095 0.01145 -0.80722 -0.60661 -0.75461 -0.71765 -0.69638 0.17041 -0.70952 -0.57018 -0.71473 -0.02446 0.32822 -0.00216 -0.13979 -0.03977 0.32274 -0.04084 -0.05815 -0.00481 0.33682 0.28997 0.2705 -0.14999 -0.0516 -0.11269
89 -0.13308 -0.00026 -0.03762 0.36389 -0.00409 0.25489 -0.01273 -0.01011 0.2517 -0.01237 -0.14079 -0.14499 -0.09011 -0.12472 -0.52571 0.05331 -0.09155 -0.26512 -0.12273 -0.04967 0.33542 -0.00494 0.32585 -0.01835 -0.01605 0.25905 -0.01381 0.4689 -0.04071 0.16178 -0.02568 -0.0821 0.0583 -0.03532 0.35508 0.07686 -0.05109 0.36612 0.22711 0.40398 0.32118 -0.04026 -0.01649 0.20758 -0.02541 -0.46764 0.28565 0.0124 0.20724 0.03592 -0.17899 0.01471 0.32367 -0.03447 0.2369
90 1.15478 -0.01889 -0.01013 -0.64572 -0.00788 -0.10437 1.2143 -0.06718 0.2681 0.00352 1.09523 0.84262 -0.04265 1.09505 0.85461 0.01455 1.0278 -0.18712 1.13228 -0.06564 -0.60396 0.01959 -0.20546 1.13448 -0.04305 0.1792 -0.01264 -0.514 7e-04 -0.07844 1.01553 -0.11762 0.24696 0.00263 -0.55267 -0.74027 0.15341 -0.49673 -0.19634 -0.5506 -0.13591 1.14695 -0.0121 0.27092 0.00487 1.00582 -0.24408 0.29456 -0.062 1.08224 -0.02566 1.15122 0.16802 -0.05073 0.1824
91 0.0866 -0.03484 -0.34545 0.03754 -0.02362 -0.00403 0.09817 -0.04989 -0.84198 -0.03275 0.07283 0.60053 -0.03175 0.07708 0.21026 0.03528 0.06896 0.90745 0.09494 -0.33417 0.06122 -0.00045 0.00559 0.10135 -0.03261 -0.84079 -0.08499 0.35431 -0.3539 0.1106 0.65818 -0.29362 -0.31559 -0.34541 0.08103 0.02575 0.00111 0.1093 0.79707 0.11145 -0.01146 0.08157 -0.02248 -0.86035 -0.06458 0.24216 0.01661 -0.30142 -0.02119 0.12029 0.73678 0.09533 -0.78326 -0.06728 -0.73884
92 -0.01476 -0.00649 -0.01516 -0.27258 0.00277 -0.09591 -0.44145 -0.04899 -0.47793 -0.02309 -0.05011 -0.0774 0.08836 -0.01845 0.14941 0.12376 0.02881 0.45289 0.02306 -0.05062 -0.38193 -0.00236 -0.08487 -0.40045 -0.01264 -0.4452 -0.04015 -0.11966 -0.00578 -0.01806 -0.47568 -0.05161 -0.34536 0.01286 -0.3029 -0.12584 0.20847 -0.34333 0.10019 -0.24787 -0.06794 -0.41962 -0.04064 -0.44828 -0.02421 -0.34666 -0.08293 -0.28108 -0.0871 -0.28818 0.13525 -0.46115 -0.36142 -0.10514 -0.50156
93 -0.34713 -0.01945 -1.0489 -0.00511 -0.00635 -0.18123 -0.12165 0.09593 0.18396 -0.02707 -0.28558 0.13896 0.29437 -0.27202 -0.12197 0.08538 -0.32228 -0.01282 -0.3827 -1.05312 -0.01411 0.00292 -0.21382 -0.09304 0.06455 0.0856 -0.01849 0.79448 -1.03156 -0.12192 0.11922 -1.01497 0.11049 -1.03215 -0.02376 0.23744 0.12684 -0.12303 -0.04297 0.00375 -0.18021 -0.05977 0.06419 0.11875 -0.01955 0.05293 -0.20545 0.15333 -0.25791 -0.13998 -0.00445 -0.16133 -0.05766 0.09877 0.17175
94 0.04657 -0.04765 -0.1064 0.25532 -0.05249 -0.01 -0.11376 -0.07161 -0.4018 -0.00889 0.07074 -0.0607 -0.04179 0.08023 0.00921 0.04543 0.19529 0.24545 -0.03031 -0.08563 0.27919 -0.01451 -0.08546 -0.15645 -0.05856 -0.36672 -0.04491 0.07499 -0.0668 -0.19059 -0.157 0.02177 0.10746 -0.25208 0.27329 0.2382 0.00553 0.43173 0.48854 0.22001 -0.09664 -0.11551 -0.07536 -0.34041 -0.03918 -0.129 -0.09229 -0.49335 -0.03369 0.03912 0.09126 -0.21818 -0.17989 -0.02191 -0.47144
95 0.15143 -0.02381 -0.56089 0.38419 -0.03494 -0.13563 0.28121 -0.04742 -0.05526 -0.07624 0.12724 0.80928 -0.24352 0.13101 0.41078 -0.02891 0.17026 0.35104 0.20395 -0.5217 0.37774 0.00261 -0.14668 0.29176 -0.00962 -0.09169 -0.03769 0.66796 -0.6359 -0.35471 0.86449 -0.4341 -0.13603 -0.65517 0.34418 0.63822 -0.19613 0.41974 0.81245 0.51997 -0.17628 0.25802 -0.00331 -0.13398 -0.0548 0.58473 -0.14977 0.02711 -0.14644 0.34324 0.55259 0.32688 -0.08113 -0.04169 -0.1206
96 -0.8952 -0.11708 -0.63178 0.41657 -0.10267 -0.0969 -0.73643 -0.05589 -0.48867 -0.06005 -0.86982 -0.51253 0.95819 -0.88965 -0.7442 -0.00358 -0.80283 -0.30633 -0.93053 -0.46953 0.64811 -0.04278 -0.24285 -0.77759 -0.05601 -0.42634 -0.14559 1.01282 -0.54153 -0.67506 -0.52309 -0.5396 -0.17711 -0.69679 0.59099 0.25653 0.75489 0.54782 0.86226 0.34327 -0.21628 -0.78611 -0.05198 -0.46787 -0.12799 -0.56676 -0.13983 -0.34046 -0.13426 -0.67898 -0.31402 -0.76323 -0.43727 -0.07163 -0.56714
97 0.14174 0.03433 -0.02335 -0.00355 0.01096 0.02971 0.37198 0.05065 -0.56895 -0.00159 0.0877 0.16397 -0.07028 0.07993 0.22732 -0.06654 -0.04646 0.44524 0.19795 -0.12447 -0.00411 0.00238 0.09736 0.3162 0.03929 -0.56198 0.02884 0.19185 -0.05758 -0.06938 0.32291 -0.13932 0.16279 0.01387 0.00505 -0.14592 -0.19336 -0.11255 0.52098 0.00274 -0.00436 0.30924 0.00387 -0.45759 -0.00426 0.38213 0.03159 -0.70068 0.03593 0.16187 0.5241 0.4116 -0.52045 0.01034 -0.54774
98 0.32884 0.01033 -0.52471 0.00945 -0.00379 0.17218 0.37067 0.01829 -0.55261 -0.02915 0.10257 -0.66784 -0.34785 0.21915 0.25489 -0.02093 0.14097 -0.61055 0.30274 -0.59065 -0.12353 0.01002 0.24341 0.20473 0.00136 -0.6035 -0.04917 0.23848 -0.47567 -0.6995 -0.84137 -0.63624 -0.43983 -0.51903 -0.05289 -0.18431 -0.47092 -0.12186 0.31331 0.01699 0.23337 0.30686 0.00801 -0.58543 -0.04028 0.32358 0.2295 -0.52049 0.18833 0.2215 -0.76893 0.3153 -0.61304 -0.04242 -0.58526
99 0.80596 0.00626 0.33976 0.13287 -0.00812 -0.02471 0.03954 0.00228 -0.8863 -0.01376 0.68385 -0.09984 -0.45493 0.72541 0.67028 0.44543 0.71242 0.44476 0.77116 0.21044 0.09065 0.00018 -0.02675 0.00494 -0.00487 -0.91699 0.01779 -0.24867 0.23549 0.52259 0.39196 0.2211 0.45725 0.39743 0.09178 0.12705 0.33524 0.12779 0.93563 0.14353 -0.05927 -0.01026 0.00339 -0.91629 -0.01382 0.09482 -0.0441 -0.58515 -0.07241 -0.0171 -0.15505 -0.0013 -0.89262 0.0017 -0.93075
100 0.64115 -0.19559 0.56859 0.74561 -0.23242 0.28036 0.4571 -0.15601 -0.20175 -0.10697 0.69137 0.1611 -0.16586 0.53851 0.18682 0.22717 0.62388 0.67443 0.65135 0.49885 1.0226 -0.10746 0.04844 0.57042 -0.03572 -0.25071 -0.25953 0.42935 0.56725 0.18518 0.22069 0.53909 0.55049 0.51485 1.08952 0.31714 0.04031 0.98456 1.23358 0.8581 -0.01153 0.43747 -0.10633 -0.20553 -0.30706 0.29903 0.03827 0.01892 0.13934 0.46879 0.5261 0.55776 -0.22899 -0.24385 -0.18289
101 -0.10568 -0.03055 -0.37658 0.98267 -0.02151 -0.1163 0.07674 -0.02304 -0.02352 -0.04675 -0.11353 0.24673 -0.46832 -0.13307 0.06167 -0.00078 -0.04614 -0.08434 -0.0695 -0.39393 0.99331 -0.01737 -0.16611 0.0322 -0.01233 -0.0399 -0.01203 0.80586 -0.41446 -0.00825 0.26144 -0.29967 -0.16582 -0.35648 0.91588 1.15422 -0.66444 1.0357 1.01101 0.9003 -0.19154 0.10513 -0.0146 -0.05807 -0.02389 -0.0123 -0.12909 0.06 -0.24234 0.09573 -0.02678 0.04554 0.01844 -0.00859 -0.17313
102 -0.02175 -0.0292 -0.0275 0.43211 -0.00833 0.00513 0.32316 -0.01667 0.5938 -0.02734 0.02397 0.10476 -0.16965 0.0122 -0.0137 -0.02354 0.04158 -0.51733 0.01 -0.06211 0.46478 -0.01017 -0.05314 0.33779 -0.00043 0.53184 -0.05267 0.31433 -0.0191 0.03787 0.47043 -0.03113 0.34169 -0.07048 0.44779 0.47583 -0.24184 0.4647 0.04214 0.43548 -0.01572 0.34824 -0.00494 0.53772 -0.04321 0.4145 -0.01918 0.4603 0.00048 0.376 -0.12374 0.36149 0.54973 -0.03276 0.55083
103 -0.40285 -0.05507 -0.76817 0.15344 -0.04064 0.07942 -0.60378 -0.01217 0.62408 -0.03495 -0.44958 -0.36637 0.31336 -0.4828 -0.20946 -0.19759 -0.4423 0.37661 -0.41443 -0.68295 0.06538 -0.00156 0.04015 -0.48237 -0.01656 0.52814 -0.06695 0.21741 -0.71607 -0.55677 -0.1885 -0.72269 0.371 -0.81222 -0.02777 0.06567 0.04397 0.08599 -0.26733 0.17839 0.03503 -0.44888 -0.054 0.38555 -0.06994 -0.5607 0.11381 0.54835 -0.05147 -0.52621 0.1032 -0.6496 0.46717 -0.02427 0.57417
104 -1.04809 -0.02555 -0.57678 -0.00213 3e-05 -0.84185 -0.41267 0.00723 0.67667 -0.00517 -0.99681 -0.21629 0.79522 -1.03802 -0.07051 -0.36625 -1.08196 -0.58251 -1.02515 -0.47074 0.06095 -0.02593 -0.78729 -0.55523 -0.01574 0.68921 -0.04677 0.22865 -0.49042 -0.13378 -0.26864 -0.48244 -0.67119 -0.53897 0.01989 0.51204 0.35221 0.02788 -0.79021 -0.0158 -0.76382 -0.48467 -0.00482 0.73394 -0.00938 -0.02831 -0.78064 -0.67474 -0.73488 -0.54201 0.10865 -0.38649 0.71161 -0.01195 0.60533
105 -0.73593 0.00859 -0.81261 -0.91624 0.01283 0.14048 0.03875 0.03316 0.65094 0.02984 -0.65608 -0.22822 -0.13149 -0.66663 -0.9888 0.21991 -0.74427 -0.2092 -0.79386 -0.73247 -0.80533 0.00342 0.21217 0.07227 0.01183 0.6622 0.03083 -0.1303 -0.75806 -0.8242 0.09902 -0.76119 -0.16623 -0.81041 -0.80022 -1.21756 -0.01666 -0.94157 -0.63402 -1.04921 0.21521 0.05852 0.02255 0.68197 0.03736 -0.3232 0.17987 0.38939 0.09114 0.0168 -0.37445 0.03002 0.5607 0.02962 0.58738
106 0.00729 0.02786 0.22393 0.10465 0.08142 0.07124 0.3557 0.00743 0.55852 -0.00204 0.04755 0.13471 0.09304 0.04921 -0.00618 0.26491 -0.01708 0.36251 0.09002 0.26195 0.12228 0.03238 0.03469 0.36679 -0.02013 0.55769 0.0292 -0.14416 0.11349 -0.12198 0.17475 0.03196 0.1162 0.17159 -0.09605 -0.11332 -0.08249 -0.09077 -0.31572 0.15459 0.02295 0.25911 0.02022 0.37116 0.04866 0.20405 -0.05573 0.12858 0.16672 0.21475 0.09366 0.32224 0.28435 -0.00891 0.44056
107 -0.39357 0.00573 0.69644 0.02084 0.01075 0.00856 -0.46311 -0.00062 -0.15669 -0.00442 -0.37103 -0.93598 0.07 -0.32815 -0.51355 0.14586 -0.39528 -0.35898 -0.37049 0.70428 -0.02803 0.00567 0.02741 -0.41639 -0.00158 -0.09931 -0.00232 -0.52926 0.70641 0.50586 -0.76521 0.67449 -0.64672 0.71679 -0.01378 0.01687 0.14665 -0.03553 0.21135 0.04134 0.03837 -0.37523 0.00584 -0.09733 0.00055 -0.58954 0.00658 -0.26386 0.01791 -0.42777 -0.27422 -0.45169 -0.12887 -0.00807 -0.14273
108 -0.55855 -0.02111 -0.14513 -0.05767 -0.00734 0.04099 -0.47578 -0.00879 0.22499 0.01349 -0.54101 -0.05136 0.38494 -0.57973 -0.64978 0.00736 -0.53179 -0.37686 -0.57186 -0.06777 -0.02451 -0.00205 0.02795 -0.47188 0.00454 0.25618 0.00517 0.10415 -0.14741 -0.15983 -0.05999 -0.1493 -0.14658 -0.12461 -0.08232 -0.11498 0.32299 -0.05622 -0.26677 -0.08669 0.01192 -0.49717 0.0107 0.21451 0.00632 -0.6132 0.02834 0.14945 -0.00979 -0.42617 -0.39814 -0.52298 0.21505 0.01517 0.17147
109 0.03274 -0.09069 -0.48803 0.15845 -0.05409 -0.05534 0.38357 -0.01711 -0.16374 -0.02869 0.09437 0.56192 0.04735 -0.03719 0.16532 -0.0539 -0.04375 0.40189 0.06945 -0.46185 0.17001 -0.06213 -0.14738 0.48346 -0.02537 -0.18063 -0.11499 0.66727 -0.61396 -0.41403 0.53443 -0.57076 0.00397 -0.42227 0.08143 0.28676 -0.08755 0.05457 0.42517 0.24455 -0.1769 0.32328 0.009 -0.31104 -0.09266 0.55558 -0.09144 -0.10334 -0.02932 0.34108 0.54024 0.40706 -0.26673 -0.06542 -0.08315
110 -0.85083 0.03299 -1.34884 -0.52564 0.02332 0.1466 -0.45098 0.03654 -1.08667 0.00509 -0.74274 -0.18092 0.20142 -0.77885 -0.75807 0.20993 -0.75778 -0.1555 -0.81932 -1.30743 -0.45729 0.01208 0.18122 -0.36196 0.00048 -1.07916 0.01321 0.84252 -1.31019 -1.15107 0.71601 -1.29818 0.2042 -1.11459 -0.45993 -0.70207 0.12325 -0.44123 0.45221 -0.55449 0.18163 -0.38004 0.01789 -1.01138 -0.00413 -0.57394 0.22183 -1.04378 0.21112 -0.36147 0.371 -0.51965 -1.06509 0.03102 -0.941
111 -0.20948 -0.07108 -0.89487 0.12065 -0.05438 0.01705 -0.09626 -0.02599 -0.11356 -0.01296 -0.12233 0.46362 -0.28683 -0.11285 -0.30817 0.16094 -0.17864 -0.10182 -0.2211 -0.6091 0.12148 -0.05377 -0.09669 -0.14202 -0.02137 -0.20756 -0.10483 -0.2293 -0.65919 -1.03699 0.2779 -0.73897 -0.82247 -0.97977 0.24517 0.09865 0.07314 0.12977 0.29994 0.05982 -0.05027 -0.05418 -0.02096 -0.09966 -0.10198 -0.01982 -0.04091 -0.06225 0.01953 -0.10361 0.16511 -0.09272 -0.14507 -0.06207 -0.14846
112 -0.07308 -0.03351 -0.54349 -0.28279 -0.05421 0.10566 0.24808 -0.02079 0.35177 0.03439 -0.19607 0.53916 0.20042 -0.11467 -0.21469 -0.02849 -0.01467 -0.37766 -0.19725 -0.64842 -0.43462 -0.02163 -0.01005 0.2118 -0.05804 0.30581 -0.0565 0.36851 -0.5686 -0.30182 0.65886 -0.42979 -0.07022 -0.4597 -0.27318 -0.4485 0.05386 -0.18691 -0.57149 -0.31606 0.04965 0.30952 -0.07469 0.41215 -0.04533 -0.0152 0.09703 0.14883 0.08797 0.34883 -0.11488 0.11875 0.3714 -0.02256 0.36918
113 0.52667 -0.01571 -0.37988 0.64833 -0.00913 -0.03369 0.72503 -0.01194 0.42694 -0.01268 0.48951 0.48823 -0.10007 0.44529 0.54684 -0.01681 0.49074 -0.02723 0.52683 -0.39231 0.65442 -0.01 -0.03896 0.66251 0.00248 0.42695 -0.01761 0.79013 -0.4325 -0.22953 0.34563 -0.38101 0.0581 -0.3798 0.61904 0.65585 -0.28557 0.65515 0.0704 0.65378 -0.05873 0.63938 -0.00664 0.35633 -0.00792 0.69821 -0.0291 0.41811 -0.0299 0.62489 -0.09623 0.71466 0.37442 -0.01385 0.38166
114 -0.64029 0.03986 -0.76144 -1.23122 0.05391 0.07761 -0.29568 0.10939 -0.72875 0.00161 -0.67145 0.24176 0.55503 -0.70638 -0.72742 0.12045 -0.70053 -0.11727 -0.61364 -0.60999 -1.06673 0.07075 0.1465 -0.34957 0.05999 -0.57433 -0.0248 0.28032 -0.71981 -0.73528 0.37328 -0.68817 -0.09503 -0.6689 -1.15688 -1.04266 0.89706 -0.99956 -0.29145 -1.18749 0.1074 -0.4583 0.03588 -0.66597 0.02633 -0.40793 0.18487 -0.59537 0.10502 -0.44041 0.38727 -0.28588 -0.58334 0.04144 -0.66306
115 0.15964 -0.01074 -0.04 0.05305 -0.00955 0.03167 -0.12628 -0.02594 0.1016 -0.0263 0.12181 0.16386 -0.06966 0.14863 0.11785 0.00848 0.19272 0.14434 0.1602 -0.02576 0.11108 -0.00547 0.04025 -0.15892 -0.0153 0.13899 -0.02892 0.12472 -0.02746 -0.03245 -0.05636 -0.0756 -0.04868 -0.03632 0.08274 -0.10014 0.13572 0.06567 -0.17791 0.08859 0.035 -0.138 -0.0121 0.13871 -0.03758 -0.19282 -0.00308 0.03688 0.03165 -0.08844 -0.19907 -0.11141 0.09813 -0.04234 0.07309
116 -0.29479 0.0404 0.90133 -0.18584 0.03421 0.44183 -0.2837 0.04128 0.10339 0.10794 -0.26145 -0.90063 0.15215 -0.27935 -0.78935 0.01605 -0.2288 -0.41616 -0.40553 0.89335 -0.13506 0.00881 0.51784 -0.26789 0.02668 0.21296 0.20193 -0.7781 0.93689 0.45272 -0.65731 0.94188 0.80324 0.70997 -0.12865 -0.71849 0.26928 -0.14085 -0.3225 -0.37791 0.54342 -0.29258 0.00884 0.16042 0.18403 -0.67153 0.49317 0.16422 0.32083 -0.26459 -0.33062 -0.39381 0.13126 0.15264 -0.00459
117 -0.09862 0.00612 0.59814 -0.16357 0.00793 -0.02408 -0.06463 0.00834 0.00081 -0.00217 -0.11672 -0.48763 0.37896 -0.10276 -0.03286 0.00953 -0.11146 -0.01656 -0.07459 0.5953 -0.11385 -0.00182 0.01194 -0.05896 -0.00031 0.03132 0.00173 -0.55428 0.56519 0.56773 -0.37458 0.60829 0.54762 0.5818 -0.10784 -0.14905 0.14921 -0.11237 -0.24884 -0.17196 0.02757 -0.03798 3e-04 0.03714 0.00201 -0.02676 0.02717 -0.09363 -0.03427 -0.04263 -0.07294 -0.05557 0.03403 0.00234 -0.01478
118 0.65215 -0.00205 -0.17446 -0.17142 -0.00767 0.1385 0.47493 -0.00084 0.37195 0.0023 0.71286 -0.3614 -0.49136 0.69267 0.31878 -0.08931 0.68532 0.12396 0.64478 -0.05136 -0.18096 -0.00144 0.11465 0.49875 -0.01226 0.38173 -0.00512 0.26418 -0.11671 -0.54988 -0.72468 -0.1317 -0.62353 -0.12771 -0.19702 -0.03478 -0.62926 -0.18367 -0.32498 -0.18234 0.12454 0.49349 -0.00693 0.36065 -0.01575 0.19222 0.13991 0.17357 0.18334 0.48697 0.16162 0.5036 0.38685 -0.0034 0.38622
119 -0.50909 0.00605 -0.09159 -0.17812 0.0091 0.01711 0.3577 0.02066 -0.05701 0.01018 -0.4746 -0.47974 0.34707 -0.50142 -0.5279 0.37657 -0.45949 0.39949 -0.53819 -0.06018 -0.20785 0.00796 0.01268 0.32646 0.00992 -0.10215 0.02624 -0.26473 -0.07733 -0.15303 0.39141 -0.01845 0.0372 -0.1524 -0.19712 -0.22113 0.03898 -0.19347 0.09361 -0.20719 0.0175 0.32826 0.01042 -0.08493 0.02781 0.43468 0.02368 -0.02249 0.01023 0.30685 -0.1087 0.32981 -0.1062 0.0398 -0.07175
120 0.63642 0.00198 -0.9012 0.97174 -0.00856 0.00521 0.36813 -0.00655 -0.86653 0.00536 0.5539 0.4816 -0.11033 0.56242 0.69972 -0.20504 0.53108 -0.04699 0.58982 -0.89562 0.93308 0.00087 0.01848 0.29324 -0.00681 -0.83731 0.00282 1.42153 -0.98613 -0.77487 0.78599 -0.87887 -0.18014 -0.88446 0.89309 0.95121 -0.98603 0.76616 0.47171 0.93059 -0.0209 0.36617 0.00849 -0.89785 -0.00344 0.47524 -0.00342 -0.87331 -0.01812 0.30979 0.53475 0.30207 -0.85129 -0.01932 -0.93507
121 0.82314 0.00963 0.19705 0.92857 -0.0024 0.12634 -0.50543 -0.00993 -0.75555 -0.01673 0.83113 0.71983 0.136 0.76099 0.7047 -0.22833 0.81769 1.23195 0.82752 0.25131 0.98949 -0.00095 0.23219 -0.39452 -0.00478 -0.67647 -0.00275 0.48652 0.24582 0.06559 -0.59473 0.20156 -0.70186 0.11187 0.87982 0.39745 -0.75441 0.95528 0.4819 0.89463 0.17722 -0.46294 -0.00996 -0.72841 -0.04681 -0.60006 0.2027 -0.44689 0.05165 -0.43384 0.36935 -0.49487 -0.70397 -0.02731 -0.70822
122 -0.07062 0.00184 0.29104 0.1711 -0.00528 -0.15772 0.5519 0.00903 0.52907 -0.02092 -0.05848 -0.1837 0.0981 -0.07333 0.10271 -0.28423 -0.08947 -0.36759 -0.01333 0.2309 0.15666 0.00542 -0.14959 0.49504 0.01143 0.54904 -0.00711 -0.19731 0.29139 0.01996 0.20209 0.29231 -0.00805 0.24551 0.15559 0.25113 0.0175 0.21016 -0.22381 0.21306 -0.10472 0.49838 0.00426 0.5119 -0.0136 0.53369 -0.0745 0.20577 -0.11097 0.47077 0.12411 0.59017 0.55338 0.01691 0.54471
123 -0.6132 -0.01238 1.58774 0.80717 -0.00581 -0.06049 -1.09558 -0.01758 -0.89348 -0.02216 -0.54696 0.34703 0.32815 -0.61809 -0.50745 -0.0605 -0.56128 -0.0096 -0.58298 1.57323 0.79666 -0.01171 -0.04597 -1.04445 -0.00497 -0.83395 -0.04525 -0.86179 1.57097 1.31089 0.3382 1.59547 -0.25193 1.51855 0.84647 0.71629 0.67539 0.72364 0.11689 0.80476 -0.07896 -1.10809 -0.01674 -0.8837 -0.03385 -0.87476 -0.05615 -0.67072 -0.058 -1.03816 0.03352 -1.00897 -0.83906 -0.05404 -0.81361
124 -0.24983 -0.02163 0.13779 0.22154 -0.02331 0.13108 -0.14545 -0.0244 0.1194 -0.01723 -0.22826 -0.25331 0.12878 -0.24477 -0.3617 0.02901 -0.22744 -0.15524 -0.21155 0.21345 0.3066 -0.00641 0.1328 -0.1606 -0.0205 0.09636 -0.03798 -0.02998 0.17907 0.11768 -0.22594 0.14024 -0.28149 0.14735 0.25143 0.15429 -0.02889 0.2265 -0.22165 0.26655 0.09182 -0.17757 -0.02035 0.04963 -0.03811 -0.2104 0.11644 0.03369 0.08586 -0.14614 -0.08161 -0.14495 0.06807 -0.03449 0.05257
125 -0.27749 -0.0062 -0.59572 0.04708 0.0052 -0.05233 -1.00243 -0.0049 -0.22072 -0.02367 -0.1739 0.07109 0.16785 -0.17297 -0.16241 0.42632 -0.22288 -0.14307 -0.08764 -0.5983 0.12349 -0.00366 -0.03663 -0.90083 -0.00076 -0.10159 -0.01238 0.30706 -0.58907 -0.64239 -0.37279 -0.61596 -0.62288 -0.52393 0.12321 0.14176 0.92289 0.1212 0.30367 0.22025 -0.02217 -0.89849 0.01254 -0.07947 -0.00633 -0.80944 -0.02954 -0.20032 0.04497 -0.93375 -0.29872 -0.74384 -0.11622 0.01314 -0.02622
126 0.13626 0.0154 0.56974 -0.02668 0.0132 -0.25688 0.19952 0.01701 -0.52993 -0.02192 0.15436 -0.35465 -0.08023 0.16265 0.57254 0.01492 0.14073 0.13799 0.27771 0.66481 -0.01735 -0.00186 -0.2149 0.2026 -0.01464 -0.49314 -0.02943 -0.68888 0.67956 0.44262 -0.01959 0.63904 -0.73314 0.56699 -0.02501 0.35961 -0.0784 -0.01471 0.36909 0.04299 -0.26824 0.19569 -0.00397 -0.50754 -0.04491 0.57883 -0.23757 -0.33446 -0.13143 0.19204 0.30748 0.2853 -0.38359 -0.03554 -0.44096
127 0.03761 -0.09768 0.69724 0.12137 -0.08014 -0.27542 0.18272 -0.09543 0.37692 -0.07329 -0.04607 -0.47905 0.00697 -0.07937 0.54071 0.04038 0.05885 -0.26328 0.18821 0.47767 0.06211 -0.01008 -0.45831 0.09314 -0.0293 0.23189 -0.11398 -0.52453 0.57408 0.35252 -0.27729 0.48644 0.07713 0.6722 0.0714 0.39965 0.01101 0.08006 -0.29796 0.20072 -0.42283 0.02506 -0.02329 0.2661 -0.11703 0.71208 -0.40312 0.22287 -0.16208 0.17456 -0.04552 0.3313 0.23423 -0.08688 0.3661
128 -0.17796 -0.04061 -0.05745 -1.0663 -0.01792 -0.09707 -0.05007 -0.04657 -0.45448 -0.03298 -0.11093 -0.06814 0.7445 -0.12601 -0.08583 0.104 -0.10236 0.36372 -0.1426 -0.08633 -1.0722 -0.00784 -0.19534 -0.03367 -0.02132 -0.53118 -0.10121 -0.72017 -0.07214 -0.0778 0.07759 -0.04911 -0.14082 -0.09215 -1.08297 -0.8164 0.94642 -0.99707 -0.45846 -0.98117 -0.16881 -0.04306 -0.02631 -0.51774 -0.06954 0.10241 -0.18258 -0.29755 -0.07944 -0.07319 0.54357 0.00024 -0.47194 -0.11213 -0.43112
129 -0.38863 -0.00317 0.0395 -0.01554 0.00802 0.02901 -0.39343 0.02793 0.16467 0.00951 -0.38011 -0.43947 0.24238 -0.38579 -0.54557 -0.01787 -0.3831 -0.66109 -0.40023 0.03496 -0.02662 0.00385 0.00036 -0.4017 0.00595 0.15819 -0.00818 -0.08653 0.07265 -0.07274 -0.25125 0.12998 -0.18884 0.06477 -0.04447 -0.07985 0.24844 -0.00496 -0.32717 -0.01196 0.04201 -0.42556 0.00204 0.20629 0.00414 -0.48155 0.04462 0.08104 0.02652 -0.40429 -0.62248 -0.40671 0.22242 0.02471 0.15321
130 -0.47261 -0.0035 -1.21429 -0.08159 0.00469 -0.05046 0.05178 0.00592 0.23253 -0.00718 -0.46188 0.64222 0.27788 -0.45514 -0.4033 0.01699 -0.47396 -0.48789 -0.4406 -1.11446 0.01273 -0.00752 -0.04207 0.05228 -0.00578 0.27576 -0.01098 0.81375 -1.13967 -1.13666 0.64376 -1.10227 -0.96735 -1.18992 -0.00134 -0.09306 -0.04042 -0.02219 -0.47468 -0.0827 -0.03581 0.05861 -0.00276 0.25324 -0.00044 0.11183 -0.04723 0.10601 -0.02833 0.01784 -0.1882 0.09587 0.2371 -0.00243 0.23632
131 0.47546 0.02664 0.7255 0.09034 0.02046 0.29363 0.42749 0.04866 -0.91021 0.00349 0.47189 0.36317 -0.24584 0.46769 0.27819 0.06499 0.45515 -0.25338 0.45818 0.704 0.12284 0.00948 0.33595 0.42835 0.01689 -0.81197 0.04244 -0.77395 0.74054 0.52643 0.18015 0.71116 -0.97766 0.66963 0.07689 -0.3033 -0.26813 0.06999 0.52864 0.03716 0.33458 0.40177 0.01644 -0.92859 0.02899 0.12097 0.27566 -0.96363 0.22214 0.36416 -0.13008 0.37608 -0.89348 0.04398 -0.94639
132 -1.53728 -0.00073 -0.95665 -0.31917 0.00131 0.0423 -0.77864 0.00867 0.01846 -0.00172 -1.52707 -0.425 1.03342 -1.52293 -1.40955 -0.06177 -1.53075 -1.49408 -1.51899 -0.92717 -0.28136 -0.00163 0.06541 -0.81365 0.00784 0.02773 -0.00119 0.52977 -0.94014 -0.76201 0.00801 -0.93854 -0.78232 -0.94098 -0.29411 -0.43871 0.73187 -0.31847 -0.32681 -0.34401 0.07508 -0.80613 0.00331 0.01628 0.00445 -0.65045 0.07157 0.01126 0.04217 -0.79227 -0.72046 -0.72909 0.02568 0.00867 0.0258
133 0.05635 0.01069 1.14658 -0.1089 0.0235 0.75624 -0.26168 0.04733 -0.51828 0.12247 0.09835 -0.72638 0.11955 0.06124 -0.53887 0.09621 0.04127 0.40208 -0.07252 1.19956 -0.09414 0.00329 0.76005 -0.22388 0.03561 -0.50473 0.18722 -0.87469 1.19014 0.3073 -0.41731 1.16768 0.4575 0.85387 -0.11948 -0.84536 0.33585 -0.19836 0.24132 -0.26818 0.78074 -0.25773 0.01964 -0.55141 0.19198 -0.25067 0.78856 -0.07533 0.60958 -0.30455 0.19114 -0.30626 -0.64444 0.22222 -0.39242
134 -0.76851 -0.02713 0.09948 -0.02374 -0.0124 0.06603 0.1346 -0.08912 0.30635 -0.02649 -0.66588 -0.4443 0.45455 -0.70264 -0.51964 -0.38851 -0.74782 -0.54497 -0.69429 0.13429 0.08838 -0.02181 0.03331 0.20113 -0.06704 0.27671 -0.02648 -0.26626 0.07581 -0.10523 0.10637 0.04581 -0.11037 0.04178 0.09047 -0.07386 -0.10958 0.27087 -0.44728 0.07017 0.05954 0.25565 -0.04195 0.28188 -0.00662 0.40986 0.04539 0.13084 0.00795 0.32344 0.11851 0.26148 0.27603 -0.01614 0.21049
135 -0.16129 0.01171 -0.17612 -0.21981 0.01893 -0.02009 -0.63133 0.01467 -0.22055 0.01051 -0.21462 -0.12271 0.16928 -0.16167 -0.14846 0.16957 -0.22695 -0.05354 -0.13617 -0.16548 -0.20831 0.01413 -0.02222 -0.71223 0.00882 -0.23694 -0.00219 -0.10835 -0.1433 -0.1581 -0.39986 -0.19414 -0.10446 -0.09476 -0.16488 -0.25398 0.59827 -0.26416 -0.01865 -0.12439 0.0042 -0.70597 0.02275 -0.21053 0.00165 -0.3949 -0.03647 -0.13586 0.03616 -0.73149 -0.24286 -0.58696 -0.2512 0.00791 -0.12349
136 0.37769 -0.08121 -0.20889 0.91117 -0.07093 -0.04349 0.66083 -0.05978 -0.77349 -0.03435 0.35028 0.65139 -0.53709 0.22313 0.38052 -0.10072 0.36879 0.49419 0.36357 -0.27386 0.9929 -0.04571 -0.17593 0.61151 -0.01865 -0.759 -0.12779 0.75096 -0.32586 -0.1492 0.992 -0.22875 -0.51333 -0.2319 1.01535 0.81178 -0.15128 1.01826 0.41549 0.80937 -0.15302 0.47438 -0.05585 -0.75791 -0.08004 0.779 -0.14556 -0.6554 -0.06909 0.64658 1.04142 0.67699 -0.71099 -0.07557 -0.78917
137 0.51052 -0.07424 -0.72763 0.11753 -0.01944 -0.04269 0.54142 -0.0031 0.48424 -0.03228 0.4541 -0.45872 -0.44959 0.6225 0.53723 0.42329 0.47518 0.18528 0.63776 -0.77402 0.27138 0.00578 -0.15839 0.4755 0.03011 0.42763 -0.14311 0.42412 -0.59695 -0.62836 -0.02895 -0.2785 0.93609 -0.72352 0.33969 0.20754 -0.29782 0.16226 -0.47171 0.23431 -0.05011 0.49951 -0.06553 0.3028 -0.06937 0.68296 0.00013 0.60183 0.01539 0.19382 -0.06309 0.63843 0.4203 -0.08088 0.55108
138 -0.48238 -0.01097 0.07387 -0.10896 -0.01096 -0.04415 -0.61276 -0.02805 -0.52951 -0.08146 -0.48045 -0.36816 0.13521 -0.48064 -0.59636 -0.22238 -0.50055 -0.31269 -0.49132 0.03673 -0.11558 -0.00335 -0.07737 -0.59244 -0.00882 -0.55418 -0.07434 -0.26153 0.02704 0.02642 -0.51002 0.02319 -0.58344 0.02858 -0.10904 -0.08477 0.27802 -0.13349 0.30886 -0.05192 -0.08096 -0.56398 -0.00621 -0.52844 -0.07813 -0.73749 -0.11205 -0.50849 -0.10849 -0.57693 -0.18302 -0.5718 -0.5355 -0.09666 -0.48414
139 -0.71927 0.0047 -1.49364 0.21338 -0.00044 0.19384 -0.3069 0.009 0.52943 -0.00324 -0.73591 0.73254 0.05254 -0.74331 -0.5914 0.22896 -0.75472 -0.65898 -0.7337 -1.49842 0.17253 0.00705 0.13451 -0.3169 0.00701 0.51586 0.01998 1.10208 -1.49207 -0.87073 0.94968 -1.51395 -0.33152 -1.46512 0.20189 0.01769 0.04857 0.13903 -0.11392 0.2105 0.17564 -0.31757 0.00142 0.52406 0.01252 -0.34199 0.15 0.64449 0.09178 -0.35472 -0.37126 -0.31818 0.43618 0.01274 0.51662
140 -0.04176 0.02141 -0.14085 -0.04395 0.01876 -0.26267 -0.04689 0.01113 -0.6698 -0.05809 -0.06469 0.11738 0.06129 -0.05252 0.32661 0.01416 -0.05375 0.55459 0.04228 -0.06774 0.01468 -0.00431 -0.22261 -0.079 0.00365 -0.53033 -0.02349 0.05231 -0.13919 -0.18215 0.08609 -0.10011 -0.1595 -0.16778 -0.01043 0.23663 0.06915 -0.0041 0.46833 -0.00272 -0.22615 -0.06108 0.00467 -0.58546 -0.03001 0.30919 -0.22642 -0.78825 -0.21714 -0.06809 0.57914 0.0167 -0.56673 -0.03133 -0.74266
141 -0.23122 0.02487 0.5721 -0.03653 0.02542 0.39241 -0.83125 0.00888 -0.2718 -0.00749 -0.14927 -0.80817 -0.22527 -0.13333 -0.72491 -0.04526 -0.18979 -0.08429 -0.22536 0.65455 0.0554 -0.00751 0.54268 -0.78841 -0.00981 -0.23163 0.00672 -0.30092 0.59872 0.34954 -1.01238 0.5981 -0.18754 0.58111 -0.01773 -0.09967 -0.12221 0.01995 -0.00804 -0.00518 0.5263 -0.76138 -0.00052 -0.23565 0.00044 -0.96075 0.46461 -0.05153 0.40215 -0.73123 -0.42418 -0.80861 -0.20469 -0.01205 -0.27206
142 0.54383 -0.02066 -0.12795 0.96146 -0.02243 -0.06187 0.38171 -0.04428 -0.53948 -0.02029 0.45841 0.47937 -0.70745 0.54381 0.54239 0.00992 0.48312 0.55581 0.59552 -0.07882 1.0459 -0.01058 -0.03883 0.28983 -0.03164 -0.5006 -0.04876 1.08714 -0.12877 -0.14511 0.24102 -0.17721 -0.84075 -0.15696 1.02465 0.81494 -0.70136 0.94797 -0.00748 0.96278 -0.01638 0.38223 -0.02231 -0.48031 -0.02673 0.33053 -0.03664 -0.41744 -0.06224 0.33495 0.49014 0.41454 -0.34698 -0.06127 -0.48824
143 0.98227 -0.11023 0.54069 0.4129 -0.09105 0.04378 0.50519 -0.13395 0.45703 -0.0292 0.81879 -0.11993 -0.59632 0.84649 0.70539 -0.16281 0.6489 -0.19865 1.01334 0.6629 0.66029 0.00062 -0.02698 0.27168 -0.1053 0.37371 -0.20999 -0.03376 0.63493 0.54941 -0.47646 0.33558 -0.57931 0.51016 0.64052 0.44704 -0.59057 0.34205 -0.58939 0.41747 0.03957 0.27293 -0.10257 0.32243 -0.1894 0.16286 -0.2021 0.1508 0.01531 0.36254 -0.0119 0.61028 0.50905 -0.22905 0.50499
144 0.14326 0.02436 0.4284 0.43267 0.00425 -0.19824 -0.50432 -0.02163 -0.70145 0.00954 0.05681 -0.26729 -0.09532 0.1013 0.15736 0.30035 0.08461 0.76303 0.13814 0.47986 0.48041 0.00404 -0.17567 -0.477 0.00455 -0.60191 0.05897 0.03836 0.45273 0.16626 -0.52899 0.39656 -0.03273 0.30717 0.46075 0.10742 -0.34783 0.29877 0.66411 0.27062 -0.17964 -0.46018 0.00073 -0.69538 0.05565 -0.0381 -0.10102 -0.04729 -0.2632 -0.51935 -0.05404 -0.544 -0.7618 0.01249 -0.75971
145 -0.84478 0.02115 -0.31888 -0.30369 0.0097 0.11973 -0.24888 0.02012 0.1857 0.00195 -0.8304 -0.26092 0.63303 -0.85208 -0.77854 0.16001 -0.84602 0.30231 -0.75506 -0.21639 -0.21835 0.00685 0.22712 -0.33838 0.00461 0.17461 0.02606 -0.22155 -0.29785 -0.58449 -0.01241 -0.23237 0.64871 -0.30396 -0.25798 -0.56901 0.51878 -0.223 0.25835 -0.2475 0.17247 -0.32556 0.00973 0.16177 0.01013 -0.05735 0.20905 -0.00904 0.09558 -0.33513 0.01606 -0.12971 0.15388 0.01989 0.22479
146 -0.71789 -0.01098 0.42259 0.46956 -0.00775 0.14926 -0.51872 0.00213 0.42641 -0.00994 -0.69072 -0.5047 0.25234 -0.7071 -0.37484 0.38673 -0.72463 0.06267 -0.63397 0.3512 0.31195 0.00728 0.10912 -0.40877 0.02198 0.3637 -0.03299 0.10741 0.40393 0.15985 -0.59799 0.39257 0.22669 0.40655 0.35045 0.33966 -0.01445 0.28268 0.01002 0.49763 0.19739 -0.45625 0.0051 0.37454 -0.01874 -0.39713 0.14377 0.02615 0.16657 -0.45215 -0.14417 -0.46645 0.35654 -0.0332 0.39031
147 0.30016 0.00145 -0.67952 -0.04676 0.00941 -0.34566 0.29616 0.01425 -0.68135 -0.05365 0.24805 0.84155 -0.35645 0.18837 0.41694 -0.1622 0.21026 0.44169 0.34359 -0.71101 -0.03594 0.02013 -0.35521 0.29656 0.0116 -0.70424 -0.06742 0.42947 -0.76093 -0.48315 -0.0569 -0.72556 -0.43553 -0.72575 -0.06185 0.28903 -0.56314 -0.09258 0.70685 -0.01801 -0.3539 0.26488 0.0116 -0.63529 -0.05711 0.05495 -0.34952 -0.51417 -0.33694 0.25433 0.10105 0.29488 -0.74304 -0.05302 -0.70247
148 -0.89783 -0.03115 -0.57421 -0.01906 -0.01515 0.05208 0.24265 -0.03878 0.74991 -0.00297 -0.89003 -0.26885 0.84076 -0.92848 -0.99034 0.3143 -0.87731 0.04232 -0.81476 -0.61213 0.00309 -0.01832 0.0218 0.24459 -0.00744 0.74106 -0.04895 0.68447 -0.61002 -0.57029 0.64444 -0.60557 0.92389 -0.42389 -0.02395 -0.13438 -0.17926 0.01735 -0.74963 -0.00105 0.04217 0.25493 -0.0115 0.71239 -0.01746 0.13105 0.0264 0.65005 0.02959 0.24677 -0.13452 0.27935 0.67181 -0.04597 0.78013
149 -0.10196 -0.01235 -0.75597 -0.27349 -0.009 0.03561 -0.24178 -0.02008 0.68534 0.00374 -0.13285 0.56634 0.1133 -0.14175 0.05349 0.12795 -0.13674 -0.47656 -0.11193 -0.83494 -0.37106 -0.00276 -0.01254 -0.27864 -0.00731 0.64929 -0.0099 0.13878 -0.79015 -0.24004 -0.11302 -0.86254 0.08858 -0.79039 -0.34066 -0.32709 -0.2723 -0.40245 -0.08506 -0.37411 0.00459 -0.3001 -0.02194 0.62648 -0.00686 -0.06169 -0.00085 0.42465 -0.02253 -0.23803 0.04832 -0.27506 0.68396 -0.00338 0.65679
150 -0.05499 0.10151 0.04609 0.07904 0.07637 0.14521 0.0474 0.07132 0.90425 0.0776 -0.08516 -0.0548 -0.03041 -0.07283 -0.2423 -0.01847 -0.06436 -0.57381 -0.20993 0.04423 0.10716 0.03499 0.27807 -0.00599 0.03205 0.91684 0.22054 -0.11477 0.10898 -0.08358 -0.11087 0.10077 -0.49822 -0.07778 0.09387 -0.10823 -0.01969 0.09331 -0.55366 -0.06659 0.21127 -0.03817 0.02709 0.86788 0.16635 -0.11809 0.19577 0.77529 0.13573 -0.04427 -0.30542 -0.10494 0.89085 0.1644 0.76548
151 -0.06057 0.01865 0.07562 -0.27068 -0.00186 0.01727 -0.00813 0.02401 -0.1298 0.11484 -0.00272 -0.08647 -0.06016 -0.04393 0.16025 -0.17214 -0.09702 0.03218 -0.18594 -0.10154 -0.35519 0.01542 0.00256 -0.02004 0.01826 -0.25194 0.14371 -0.04779 -0.01829 -0.07465 -0.25417 -0.02873 0.22139 -0.10679 -0.2935 -0.14077 -0.30227 -0.29983 -0.07861 -0.31503 0.02601 0.00517 0.0017 -0.20271 0.12918 0.19671 -0.0392 -0.06727 0.0396 -0.0653 0.09676 -0.03947 -0.1759 0.10523 -0.01628
152 -0.03965 -0.00351 -0.73632 -0.18038 0.0054 -0.18194 -0.17514 -0.00267 0.09283 0.04343 0.00487 0.74864 0.12661 -0.0086 0.09546 0.06792 -0.02954 -0.38911 -0.1071 -0.76262 -0.07805 -0.00684 -0.20525 -0.12656 -0.00635 0.17604 0.07273 0.57211 -0.77537 -0.47609 0.6284 -0.72903 -0.76983 -0.69204 -0.12455 -0.21266 -0.03905 -0.16176 -0.49626 -0.21132 -0.20984 -0.14197 0.00028 0.16829 0.06791 -0.03729 -0.2352 -0.30565 -0.19109 -0.16794 -0.60412 -0.24305 0.11118 0.06883 0.15847
153 -0.54806 0.00906 0.28702 0.1759 0.01408 0.3077 -0.26276 0.01709 -0.74834 0.02284 -0.57904 -0.291 0.418 -0.61432 -0.39163 0.24164 -0.57203 0.13148 -0.45193 0.25262 0.10097 0.017 0.27741 -0.24962 0.00614 -0.76673 -0.00502 -0.16109 0.25797 0.12347 -0.32454 0.28752 -0.33416 0.36911 0.12368 0.0372 0.10211 0.13882 0.43127 0.25341 0.29694 -0.30416 0.01647 -0.76107 -3e-05 -0.36318 0.35715 -0.55609 0.29745 -0.26957 0.59541 -0.17669 -0.72287 0.01377 -0.65951
154 0.08911 -0.00292 0.10175 -0.04142 0.00964 -0.05306 0.53481 -0.00568 1.18156 0.01125 0.11046 0.22985 0.12602 0.04816 0.00071 0.2603 0.04866 0.68916 0.14364 0.13185 0.02127 -0.01784 -0.0804 0.6347 -0.01436 1.27786 0.02256 -0.25752 0.17239 -0.07432 0.18239 0.07734 0.10469 0.09992 -0.00469 -0.05091 -0.28532 -0.09082 -1.21616 -0.02342 0.01848 0.58261 0.00376 1.26941 0.03753 -0.03482 -0.09519 -0.1237 -0.14202 0.50787 -0.21625 0.52276 1.12158 0.00095 1.10568
155 -0.08618 0.03581 0.87802 0.65383 0.01669 0.06658 -0.85111 0.04153 0.06226 -0.01021 -0.01462 -0.13954 0.25524 -0.107 -0.10849 0.04 -0.0295 0.17889 -0.03384 0.97157 0.58413 0.00518 0.16496 -0.81163 0.00137 0.08978 0.02821 -0.14123 0.89413 0.4647 -0.31873 0.99809 0.18493 0.90486 0.52363 0.5582 0.51641 0.64899 0.53091 0.68802 0.10987 -0.88714 -0.00395 -0.00361 -0.00091 -0.66603 0.13528 0.04106 0.08565 -0.82148 -0.15473 -0.8142 0.10717 0.03452 0.11271
156 0.14694 -0.01679 -0.55152 -0.43469 -0.03112 -0.01882 0.45165 -0.03565 0.0143 -0.01496 0.08648 0.06929 0.20736 0.01043 0.25106 -0.13996 0.1362 0.20193 0.12083 -0.55566 -0.54383 0.00664 -0.08817 0.40831 -0.04909 -0.10066 -0.00379 -0.12133 -0.49271 -0.53743 -0.52136 -0.61475 0.03001 -0.59525 -0.40134 -0.50117 -0.39653 -0.37329 0.05568 -0.47241 -0.0812 0.41807 -0.07613 0.00539 -0.00225 0.40525 -0.0967 0.06885 -0.05168 0.44938 -0.22997 0.43453 0.03179 -0.03698 -0.00579
157 -0.06107 0.03403 0.27628 -0.04063 -0.00102 0.15548 -0.04587 -0.00765 -0.4442 0.01766 -0.07336 -0.11673 0.12617 -0.03437 -0.20898 0.03185 -0.00781 0.46273 -0.12651 0.20719 -0.03234 0.02106 0.1973 -0.02938 -0.00187 -0.31214 0.04661 0.3873 0.18764 0.28059 0.18226 0.32245 0.18158 0.27523 -0.03462 -0.18825 -0.04313 0.05867 0.37935 -0.11797 0.18692 -0.00348 -0.02139 -0.3976 0.0291 -0.1858 0.18046 -0.29356 0.14419 0.00188 0.25842 -0.12304 -0.26748 0.02125 -0.38332
158 -0.66417 0.02156 0.44724 -0.06509 0.01682 0.13442 -0.91242 0.01624 -0.23261 0.04656 -0.78162 -0.45919 0.35212 -0.63996 -0.856 0.18341 -0.74954 0.02785 -0.82298 0.40716 -0.15313 0.0223 0.10734 -0.96457 0.03599 -0.37095 0.01314 -0.57151 0.48615 0.21754 -0.02747 0.47024 -0.57202 0.35252 -0.08489 -0.26155 0.68403 -0.11196 0.04575 -0.1381 0.14815 -0.8906 0.00939 -0.29449 0.05211 -0.95235 0.0941 -0.39472 0.07498 -1.03146 0.26401 -0.98291 -0.29711 0.01029 -0.27112
159 0.12321 -0.07663 0.0739 0.5262 -0.07789 -0.24147 0.22617 -0.12441 0.03215 -0.17694 0.10082 0.13784 -0.39392 0.19871 0.28953 -0.04557 0.07819 0.01017 0.28253 -0.02011 0.54113 -0.06454 -0.38174 0.10438 -0.04584 -0.04332 -0.19976 0.18765 0.02373 -0.00222 0.01155 -0.14011 -0.07195 0.01358 0.53519 0.24966 -0.17776 0.42135 0.31294 0.56787 -0.34568 0.26439 -0.10338 -0.04365 -0.15768 0.33137 -0.40625 -0.09425 -0.4438 0.12033 0.1173 0.42131 -0.12092 -0.24587 -0.02779
160 -0.39451 -0.0782 0.34684 0.13046 -0.02228 -0.01918 0.37876 -0.03223 -0.11241 -0.0525 -0.44951 0.26082 -0.00891 -0.41255 -0.41165 -0.09767 -0.42679 -0.0366 -0.35406 0.52354 0.18707 -0.01694 0.10717 0.48821 -0.03722 -0.18857 -0.17764 0.0484 0.47115 0.06826 -0.2127 0.51034 -0.20369 0.35476 0.01018 -0.18983 -0.09534 0.00962 0.05665 -0.13124 0.20669 0.50675 -0.0052 -0.12446 -0.07888 0.21928 0.18801 -0.67601 0.04636 0.53382 -0.21333 0.40335 -0.25842 -0.07636 -0.20627
161 -0.25622 -0.00061 0.18974 -0.19414 0.00781 0.02145 -0.01715 -0.0066 0.11767 -0.01153 -0.12462 -0.75391 0.08263 -0.2078 -0.39596 0.0183 -0.06129 -0.4989 -0.22402 0.23946 -0.07541 -0.01026 0.03156 0.09111 -0.01993 0.12728 -0.00601 -0.73687 0.28266 0.03495 -0.52879 0.19944 -0.13969 0.14189 -0.13781 -0.26306 0.14796 0.05878 -0.32173 -0.11471 0.05144 -0.00276 -0.03202 0.14212 -0.01057 -0.11773 0.06533 0.14849 0.0275 0.18773 -0.25557 0.02417 0.23622 0.01266 0.14841
162 -0.91767 -0.03272 -0.34608 -0.14875 0.01173 0.00879 -1.01881 0.00842 0.13957 -0.02226 -0.9545 0.2012 0.54861 -1.01737 -0.86429 0.03631 -0.99552 -1.20445 -0.87 -0.3154 -0.14959 0.00078 -0.05908 -1.03909 -0.03488 0.02076 -0.04783 0.04233 -0.4373 -0.38403 0.2321 -0.43874 -0.87998 -0.34767 -0.19562 -0.19446 0.75801 -0.19844 -0.41602 -0.10186 -0.01498 -1.05804 0.02522 0.09629 -0.01909 -0.86833 -0.01306 0.07216 0.01018 -1.05446 -1.0079 -0.97536 0.11106 -0.00721 0.14545
163 -0.83663 0.04875 0.51986 0.00738 0.00785 0.00999 -0.591 -0.00344 -0.25087 0.01709 -0.81631 -0.49576 0.70666 -0.79846 -0.70058 0.01994 -0.82609 -0.36705 -0.82104 0.37108 -0.06258 0.00449 0.04702 -0.64231 0.00536 -0.31553 0.06492 -0.51915 0.36176 0.50251 -0.58504 0.42588 -0.14401 0.53591 -0.02766 0.09275 0.47096 -0.00498 0.25559 -0.00538 -0.00497 -0.60484 0.0012 -0.3429 0.03289 -0.48393 -0.00547 -0.16477 0.01744 -0.63027 -0.30644 -0.58311 -0.29366 0.0168 -0.22276
164 0.30834 -0.01011 -0.87441 0.26782 -0.02883 -0.03289 0.69711 -0.00615 -0.3402 -0.03891 0.2922 0.99738 -0.14391 0.32711 0.33113 -0.14362 0.28587 0.78491 0.25011 -0.83285 0.23281 -0.00301 -0.07356 0.66519 0.011 -0.38339 -0.01676 1.19391 -0.79622 -0.75022 1.14591 -0.82247 -0.10057 -0.89349 0.29941 0.31742 -0.25711 0.20582 0.8683 0.22812 -0.10723 0.68389 -0.01106 -0.34658 -0.02755 0.73999 -0.0754 -0.251 -0.11688 0.64985 1.07767 0.65931 -0.4069 -0.01857 -0.32364
165 -0.27137 -0.01539 0.22607 -0.07655 0.00073 0.1406 -0.07433 0.00198 0.03342 -0.00194 -0.26658 0.00211 0.46215 -0.33127 -0.18304 0.15121 -0.27794 0.17356 -0.26681 0.33889 -0.02795 -0.00468 0.1424 -0.09689 -0.0017 0.04712 -0.01046 -0.2114 0.26495 -0.06808 -0.00217 0.17626 0.11742 0.24964 -0.04225 -0.40795 0.18944 -0.10742 -0.23237 -0.08718 0.15766 -0.13372 0.01203 0.04608 0.01124 0.0131 0.11867 0.01452 0.10842 -0.07359 0.15489 -0.10032 0.04857 -0.01903 1e-04
166 -0.93016 0.00315 0.14038 0.90504 0.00209 0.0289 -0.77023 -0.02726 0.19536 -0.01198 -0.99559 -0.63438 0.00232 -0.96089 -0.82529 0.06187 -1.10942 -0.91065 -0.83986 0.01289 0.80431 0.00782 0.0064 -0.73458 -0.01816 0.19494 -0.04206 0.43855 0.1119 0.1185 -0.72754 -0.03871 -0.18692 0.14379 0.85331 0.80493 -0.45527 0.82518 0.18568 0.85897 0.0238 -0.78616 -0.02962 0.17904 -0.04793 -0.78955 -0.04593 0.05944 0.05631 -0.6918 -0.64958 -0.70486 0.30059 -0.06628 0.20106
