param n_w := 55; # number of weights
param n_xi := 166; # number of slack variables
param E:
	1 2 3 4 5 6 7 8 9 10 11 12 13 14 15 16 17 18 19 20 21 22 23 24 25 26 27 28 29 30 31 32 33 34 35 36 37 38 39 40 41 42 43 44 45 46 47 48 49 50 51 52 53 54 55 :=
1 -0.0108 0.39524 -0.15686 3.33184 0.67717 0.46072 0.29191 1.0553 0.32715 0.76447 -0.23745 0.56323 -1.89386 -0.20224 -0.27756 -0.39565 -0.38088 -0.33706 -0.15127 -0.42486 2.49283 0.54049 0.56565 0.04851 0.58848 0.37708 0.50263 2.09831 -0.2649 -0.47206 0.45631 -0.07188 -0.1391 0.1094 2.8502 2.77795 -1.29135 2.69005 2.20061 3.18013 0.65897 0.10864 1.36066 0.47901 0.73118 0.11061 1.11448 0.44018 0.82263 -0.23529 0.07184 0.10337 0.47607 1.11444 0.62775
2 -0.50261 -0.58547 -2.87338 -0.15486 -0.86706 -0.44506 0.77418 0.11341 -0.18849 -0.56033 -0.52157 1.96362 0.48741 -0.46559 -0.38386 0.49551 -0.86072 0.7264 -0.39559 -2.78843 -0.26996 -0.14574 -0.93603 0.83296 0.05889 -0.34333 -0.89665 2.31233 -2.7463 -3.70265 2.57497 -2.85098 2.66864 -2.71689 -0.07137 -0.07945 -0.45198 -0.56509 0.22908 -0.01546 -0.73147 0.90476 0.73687 -0.22251 -0.7539 1.01512 -0.37219 -0.2517 -0.28555 0.64746 0.05962 0.94319 -0.60744 0.08671 -0.14194
3 0.00138 -0.14245 -0.10339 -0.13589 -0.02192 -0.03663 0.02367 0.12277 0.06564 0.12416 0.02861 -0.00276 0.01327 0.05286 -0.02258 -0.00251 -0.03923 -0.14164 -0.01074 -0.20193 -0.24985 -0.02638 -0.18965 0.02316 0.12786 -0.0347 -0.09393 -0.08409 -0.01703 0.0478 0.14052 -0.07457 0.12836 -0.11089 -0.12256 -0.01777 0.11545 -0.24451 -0.12033 -0.17155 -0.10388 0.10086 0.19655 0.07451 0.08386 0.06479 0.03084 0.15476 -0.01784 -0.09337 -0.07637 0.02385 0.01706 0.15466 0.08975
4 0.57504 0.08208 -1.2718 0.79367 0.10492 1.77897 2.70197 0.13393 2.00081 0.44913 0.34157 1.58209 -0.06208 0.53173 -0.25222 -0.08435 0.596 -1.29105 0.53798 -1.50393 0.50229 0.17144 1.36587 2.43507 0.11093 1.86854 0.58243 1.28375 -1.32472 0.7895 3.06499 -1.35615 1.76081 -1.25685 0.70253 -0.31314 0.19928 0.9383 -0.50942 0.69457 1.58885 2.64697 -0.0031 2.06921 0.65742 0.6589 1.86539 -0.35846 1.37106 2.66747 0.16714 2.73741 2.29726 0.67251 1.97609
5 -0.62505 0.13568 0.23561 -0.13062 0.0309 0.03762 -1.09002 0.14305 -0.07879 0.58664 -0.61839 -1.03979 0.46332 -0.61946 -0.407 0.68709 -0.67115 -0.67458 -0.54322 0.34895 -0.09877 0.17446 0.1478 -1.06703 0.07066 0.04167 0.41058 -0.59597 0.2914 0.31588 -1.11338 0.30534 -0.71732 0.05823 -0.05848 -0.06774 1.00319 -0.09735 -0.04118 -0.40256 0.18602 -1.06245 0.00998 -0.03512 0.25071 -0.8048 0.19809 0.004 0.11361 -1.15817 0.18917 -0.97169 0.05759 0.31024 -0.66784
6 -0.47487 0.30514 -1.45758 -1.67125 0.65274 0.96259 0.41515 0.82386 1.08874 1.42787 -0.57153 1.58497 1.48686 -0.45782 -0.6328 0.0982 -0.8844 -0.15123 -0.26819 -1.40695 -1.53563 0.37782 1.23245 0.2554 0.49588 0.9438 0.56076 0.32478 -1.53126 -1.91556 1.67711 -1.50384 -0.24668 -0.92115 -1.68187 -1.92118 0.84423 -1.91961 -1.50085 -1.26039 1.22504 0.2595 1.1421 0.68782 0.43085 0.14166 1.32108 1.23093 1.36285 -0.2149 -0.03644 0.57674 0.61844 0.43677 1.16984
7 -0.54823 0.11876 3.1011 0.86307 0.11594 0.01747 -1.32876 2.83237 -3.07245 0.61506 -0.56875 0.06934 0.96484 -0.56652 -0.56859 -0.40632 -0.82729 -0.22 -0.62428 3.07795 0.82629 0.20052 0.04442 -1.31262 3.46466 -3.15788 0.52846 -2.0932 3.04788 3.85633 -2.77672 2.27423 -0.50756 3.1674 0.8297 0.93419 0.86949 -0.31814 2.68822 0.89444 0.06129 -1.27778 4.65255 -3.12057 0.2714 -1.39226 1.21677 -3.50117 0.24206 -2.0329 2.32788 -1.40323 -3.03569 2.58758 -3.0117
8 -0.59866 1.48658 0.88302 -0.5888 1.20854 0.04495 0.42122 0.32027 0.12368 1.36604 -1.07167 -0.54056 0.01327 -0.62361 -0.47867 -0.01376 -0.72195 -0.96123 -0.48333 0.87985 -1.40313 0.89919 0.90182 -0.05738 0.7917 0.14489 1.20287 -1.02522 1.02707 1.31226 -0.18943 0.90686 1.25976 1.31606 -0.80818 -0.55228 -0.72494 -0.87634 -0.76844 -0.77482 0.69287 0.3906 0.88581 0.23782 0.57214 0.56113 0.28305 0.15845 0.58145 0.40156 0.08053 0.66057 0.02857 0.48595 0.31529
9 -2.7227 -0.09566 0.03595 -0.72145 -0.01236 -0.14093 -3.16239 0.04779 1.75638 0.00528 -2.60471 -2.69772 1.64077 -2.65594 -2.90732 0.28903 -2.64276 -0.92973 -2.85322 -0.01139 -0.80384 -0.05379 -0.24731 -3.00588 -0.01925 1.61959 -0.18759 -0.88409 0.02636 -0.21207 -2.63904 0.13628 1.30276 0.0413 -0.70355 -0.68194 2.05191 -0.57228 -1.8196 -0.73074 -0.14957 -3.08606 -0.0334 1.67259 -0.03984 -2.95296 0.01686 1.70972 -0.15499 -3.103 -0.43164 -3.26921 1.84549 0.03881 1.93066
10 0.55212 -0.09523 -1.24906 -0.40812 -0.04758 -0.37598 0.39873 1.84554 -0.12122 -0.27165 0.58349 1.63031 -0.62835 0.59952 0.87489 0.09837 0.10018 0.73862 0.63268 -1.26312 -0.2996 -0.09398 -0.25554 0.50459 2.57412 -0.0168 -0.1517 1.15935 -1.37274 -0.8394 1.2981 -0.74635 1.35165 -1.24205 -0.33405 -0.10704 -0.83542 -0.98185 -0.17351 -0.21505 -0.34209 0.45954 3.38943 -0.1123 -0.17604 0.58567 0.59707 0.24104 -0.31028 0.03097 0.50907 0.43263 -0.50137 1.50663 -0.07897
11 -0.56304 0.62842 -1.84621 -0.45493 0.47579 0.01392 1.40876 0.63326 -0.83235 1.34483 -0.56104 0.74064 0.85752 -0.46808 -0.73396 -1.18631 -0.37624 0.36052 -0.58898 -1.90678 -0.74343 0.46782 0.53527 0.97117 0.49988 -0.95945 0.14252 0.56121 -1.75804 -0.92727 -0.53364 -1.77216 -1.2521 -2.09618 -0.54078 -0.53356 -1.07359 -0.77981 -0.00968 -0.74435 0.46947 1.33322 0.51774 -0.81375 0.47419 0.70659 0.49404 -0.34596 0.39212 1.43623 1.21215 1.15307 -0.87184 0.71347 -0.73118
12 -1.47866 0.3132 0.53654 -0.22211 0.26527 -0.49964 1.41423 1.13267 1.65791 1.07195 -1.45051 1.16628 1.73564 -1.56615 -0.82462 2.4126 -1.25064 1.55332 -1.70787 0.49052 -0.26481 0.04568 -0.27951 1.30816 0.96539 1.51539 1.17762 -0.57613 0.4056 0.99599 0.57346 0.74556 0.66869 0.19089 -0.19928 0.21421 -1.20718 -0.51175 -1.05566 -0.62188 -0.52749 1.21599 1.61513 1.42957 1.03261 2.11109 0.24747 2.39562 -0.16109 0.99181 -0.42389 0.99958 1.3203 1.67139 1.39853
13 0.73414 0.03239 1.05871 -0.46469 -0.06623 0.4679 1.50297 0.03467 -1.67604 0.38703 0.62276 0.22511 -0.03208 0.60457 0.71932 -0.25907 0.78676 2.67816 0.63103 0.99417 -0.4369 0.03322 0.34606 1.30605 0.07502 -1.87851 0.1982 -0.94223 1.0303 0.79096 0.01585 1.14902 1.9777 0.87867 -0.3854 -1.10379 -0.03383 -0.27369 0.89978 -0.74559 0.38173 1.20046 -0.14043 -1.82475 0.20865 1.85819 0.56691 -1.58255 0.25104 1.38805 2.96779 1.56524 -1.78167 0.26117 -1.88293
14 0.50038 -0.14936 -0.39348 -1.55699 0.16146 -0.20765 0.87288 -0.13722 -1.61395 -0.07423 0.46523 0.89141 0.829 0.33867 0.48403 -0.38085 0.60017 0.97976 0.52012 -0.42589 -1.53541 0.01684 -0.48979 1.01034 -0.03124 -1.40312 -0.26354 -0.8906 -0.19526 -0.21907 1.15256 -0.51685 -2.34704 -0.43459 -1.20273 -0.81579 1.0959 -1.6827 -1.14197 -1.63222 -0.11555 0.78843 0.14984 -1.1725 0.14536 0.55205 -0.37596 -1.83239 -0.15532 1.15328 1.81725 0.85337 -1.54688 -0.14215 -1.83102
15 -0.22898 0.13941 -0.32334 0.77174 0.20419 0.87523 -1.37342 -0.1395 1.71946 0.39133 -0.2812 0.13272 -0.60618 -0.2497 -1.05943 1.14399 -0.07967 -2.37238 -0.26492 -0.26026 0.70812 0.00076 1.17186 -1.53241 -0.00688 1.86359 0.04771 0.42083 -0.21431 -0.89234 -0.5463 -0.45725 -0.48805 -0.20079 0.75664 0.15687 0.54438 0.86359 -1.47423 0.73696 1.24354 -1.51478 -0.38286 1.84944 0.17363 -2.0896 1.09659 1.19267 1.18254 -1.37328 -2.6779 -1.44364 1.82817 -0.22526 1.82706
16 0.22557 -0.19098 -0.46423 0.96261 -0.10792 -0.05752 1.17765 -0.04053 0.15324 -0.47457 0.17723 0.67093 -0.39407 0.13264 0.49038 -0.46957 0.2352 0.33464 0.29973 -0.38564 0.84325 -0.08228 -0.30528 0.98736 -0.07231 0.07038 -0.64195 1.07319 -0.4251 -0.50323 1.29637 -0.36211 0.00327 -0.5877 0.87267 1.10778 -0.38631 1.0123 0.63414 0.94729 -0.19514 1.00284 -0.1003 0.10355 -0.45378 1.53681 -0.05108 0.25529 0.04012 1.17062 1.24487 1.30721 0.24031 -0.30343 0.06301
17 0.36289 0.01491 0.28462 0.13398 -0.02229 -0.17463 0.23316 -0.02879 -0.99212 -1.07981 0.27441 0.04649 -0.28269 0.32082 0.54631 -0.21864 0.24499 1.06129 0.59334 0.28227 0.06588 -0.00444 -0.15672 0.05155 0.0247 -1.00662 -0.7521 -0.53397 0.26447 0.19977 -0.30162 0.19713 -1.43133 0.02251 0.11415 0.03238 0.01525 0.05195 1.16403 0.49955 -0.17612 0.1241 -0.07823 -0.98685 -0.71998 0.29837 -0.30325 -1.40978 -0.33329 0.07947 1.25876 0.62478 -1.05642 -0.60605 -0.80756
18 -0.71893 0.15176 -1.09984 -1.07194 0.29572 0.69224 -2.22021 0.68337 2.47236 0.53799 -0.67679 0.31461 0.91015 -0.64923 -0.97319 1.76119 -0.63197 -2.31835 -0.68157 -0.97323 -1.07379 0.24758 0.76123 -2.30216 0.63328 2.6807 0.29555 0.11142 -0.76391 -1.85679 0.46446 -0.78563 -2.65268 -1.04552 -0.84954 -1.15194 1.80392 -0.62893 -2.20652 -0.97593 1.00714 -2.34661 0.4301 2.67365 0.35124 -1.25744 1.14756 1.92801 0.79702 -2.16053 0.24061 -2.17067 2.78677 0.64268 2.75083
19 2.02633 0.11648 -0.04118 0.21785 0.2682 0.33139 1.8719 0.38881 -0.65526 2.23367 2.01514 1.65904 -1.98811 1.88587 1.33962 -0.59251 1.96644 1.92893 1.56998 0.10277 0.21241 0.25449 0.52042 1.76086 0.40518 -0.58394 1.20362 0.21375 0.0651 0.14146 1.52858 0.08425 -0.09617 0.05688 0.08705 -0.28433 -1.29811 -0.04177 1.0448 -0.447 0.49665 1.63454 0.21565 -0.45076 0.87861 0.95449 0.38969 -0.18263 0.42756 1.6006 1.95327 1.24256 -0.57348 0.65586 -0.25503
20 0.16242 1.03812 0.0343 -0.40915 -0.67137 1.69109 1.18374 -0.40753 -0.58435 -1.17515 -0.06171 0.47606 -0.27189 -0.13652 0.72988 1.34733 0.01723 -0.37115 -0.04547 -0.40375 -1.33778 0.3429 0.87968 0.34667 0.32426 -0.99339 -0.17733 0.57771 -0.02227 1.78682 1.03641 0.26179 -0.12348 0.06843 -0.3274 -0.47365 -0.63153 -0.25636 0.76299 -0.14113 1.27272 1.07876 -0.72464 -0.44303 -1.11633 -0.04317 1.34212 0.46925 1.05538 1.23828 1.0034 1.23709 -0.26603 -0.7418 -0.45339
21 -0.61922 0.08518 0.13562 -0.6822 0.24779 0.44285 -0.82159 0.45482 0.09532 0.36803 -0.66854 -0.86815 0.57231 -0.42131 -1.24337 -0.16666 -0.4907 -0.98957 -0.50485 0.05021 -0.83398 0.25814 0.37765 -0.82936 0.13606 0.06691 0.36655 -0.90849 0.2208 -0.06425 -1.04711 0.46072 -0.07014 0.22711 -0.68626 -0.93621 1.12226 -0.53725 -0.89502 -0.64022 0.64098 -0.55539 0.05174 0.16508 0.58673 -1.58931 0.75064 0.0191 0.63531 -0.69073 -1.22228 -0.69906 0.32169 0.85746 0.16405
22 0.42121 -0.19338 -0.24279 -1.5331 -0.12146 -0.55015 0.28938 -0.70156 -0.70033 -0.53679 0.47228 1.09599 1.83113 0.36833 1.01323 -0.12005 0.6186 1.47464 0.41894 -0.33153 -1.52267 -0.17728 -0.71804 0.3081 -0.58078 -0.7772 -0.58087 -0.74622 -0.3014 -0.37092 0.66141 -0.63401 -0.97111 -0.35479 -1.44292 -1.29892 1.19233 -1.73678 -0.92593 -1.53403 -0.51188 0.27501 -0.91848 -0.66232 -0.36587 0.7568 -0.77747 -0.34957 -0.88592 0.62802 1.247 0.28498 -0.57584 -1.02762 -1.04463
23 -0.08481 -0.00915 0.81035 1.01074 -0.00469 0.37602 0.54617 0.17306 1.7302 0.21789 -0.0194 -0.02124 -0.06939 -0.08431 -0.08827 -0.0764 -0.03209 -0.71536 -0.13532 0.87195 1.06083 -0.03397 0.31158 0.50829 0.29353 1.81217 0.04184 -0.2743 0.86294 0.73317 0.52388 0.77536 0.88371 0.78202 1.00053 0.53164 -0.21248 0.7991 -0.88403 0.92856 0.34347 0.45574 0.39269 1.75809 0.09098 0.62611 0.29606 1.55687 0.23726 0.38595 -0.24178 0.41897 1.64955 0.0362 1.78453
24 0.35115 -0.06333 -0.49094 1.06527 -0.0965 0.7292 1.951 0.60788 -1.54214 0.27832 0.25957 0.16522 -0.84882 0.31857 -0.04078 0.64102 0.42316 -0.20792 0.29622 -0.52021 1.18424 -0.24248 0.72638 1.85183 0.73776 -1.5922 -0.11255 1.60038 -0.8365 -0.0536 1.81043 -0.27582 -0.19026 -0.49006 0.7634 0.76721 -1.59553 1.1235 1.14349 1.00498 0.55919 1.7896 0.67287 -1.75961 -0.12448 1.47004 1.10813 -1.37756 0.92911 1.77465 0.29247 1.98682 -1.84868 0.55582 -1.64205
25 -1.14466 0.18889 0.37955 0.05813 0.21324 -0.34569 -0.8876 0.28275 -0.0488 0.54182 -1.1369 1.67369 1.79491 -1.0835 -1.2239 -0.47913 -1.25076 -0.76165 -1.2225 0.54188 0.13266 -0.05741 -0.42175 -0.75878 0.06063 -0.02344 0.20314 -0.27168 0.39771 0.76868 1.26237 0.2838 0.88024 0.61563 0.02215 0.37393 1.23512 -0.09545 0.13749 0.17377 -0.52048 -0.67263 -0.13715 -0.11479 0.39614 -0.86532 -0.43838 -0.1933 -0.44179 -0.81149 -0.59059 -0.88721 -0.05264 0.46245 -0.01992
26 0.53325 -0.22976 -2.71041 0.47636 -0.23663 -2.2455 0.72993 -0.31366 -0.42039 -2.65286 0.42871 2.70287 -0.49645 0.46324 1.85691 -0.10797 0.50685 1.07202 0.89863 -2.79337 0.27413 -0.03902 -2.43934 0.62985 -0.25049 -0.71984 -2.01086 2.5132 -2.72253 -1.93318 2.51682 -2.89798 -2.77669 -2.36369 0.32268 2.09172 -0.78913 0.36008 0.91691 1.21253 -2.52032 0.71656 -0.23904 -0.49288 -1.69525 1.99505 -2.23373 -0.59939 -2.11785 0.78362 1.14683 1.16736 -0.42228 -1.28269 -0.4071
27 -2.95047 -0.01524 -1.30002 -0.5058 0.10055 0.4048 -2.20168 0.10609 0.22516 -0.15546 -3.02245 -1.99618 2.78019 -3.08602 -3.00889 0.77938 -3.12443 -3.08746 -2.88711 -1.09626 -0.33422 0.03972 0.51894 -2.20991 -0.03522 0.14028 -0.09112 0.52329 -1.10157 -1.46209 -0.86883 -1.16849 -2.22444 -1.30078 -0.25623 -1.03227 2.62416 -0.29408 -1.07164 -0.56156 0.6287 -2.38766 0.08885 0.30303 0.03392 -2.07254 0.63639 0.15736 0.23412 -2.23946 -1.31363 -2.22503 0.22427 0.03471 0.21086
28 -0.14251 -0.00769 -0.06566 2.71993 0.01448 2.15778 0.45301 0.08752 1.43976 -0.15165 -0.11117 -0.059 -2.75125 -0.14191 -1.58145 -0.2664 -0.14849 -2.01718 -0.17866 -0.04709 2.54913 -0.02265 2.04779 0.49303 -0.05031 1.56072 -0.1287 1.89439 -0.00081 0.46778 0.69254 0.03005 0.85074 -0.08946 2.65866 1.03471 -1.6562 2.756 0.44997 2.67765 2.21898 0.48706 0.00402 1.5677 -0.0465 -0.94557 2.11509 0.42733 2.15367 0.50008 -1.21769 0.40645 1.64045 0.03838 1.41178
29 1.94529 -0.05781 0.99388 -0.42855 -0.17525 -0.74834 -1.53776 -0.09545 -1.23834 0.10931 2.08873 -0.45755 -2.51025 2.05377 0.39368 -0.31382 2.11082 -0.93722 1.81398 0.8155 -0.44197 -0.01394 -0.83587 -1.67198 -0.06579 -1.41402 0.00096 -1.12158 0.79432 0.90859 -1.01897 0.93975 -1.17154 0.8551 -0.54371 0.03509 0.67798 -0.36609 1.12854 -0.56491 -0.93435 -1.71831 -0.26002 -1.47751 -0.134 -0.40077 -0.70126 -0.49546 -0.82201 -1.63013 -0.00528 -1.56137 -1.28757 0.01465 -1.20177
30 -0.77948 0.1558 -1.13769 -0.78722 0.72776 0.78986 0.25708 0.53624 0.82475 0.06657 -0.27987 0.82629 0.73495 -0.55923 -1.00916 0.82745 -0.5137 -0.60759 -0.23635 -0.69386 -0.02852 -0.01435 1.08864 0.63183 0.20575 1.30233 -0.42381 1.03676 -0.75219 -1.03357 1.92747 -0.62501 0.03513 -0.30499 0.02275 -0.96695 0.52285 -0.04093 -1.49437 0.32519 1.43383 0.4405 0.23417 1.50301 -0.14759 -0.15417 1.29685 0.51468 1.45364 0.41728 -0.29084 0.65129 1.47564 -0.09331 1.23027
31 -0.5933 0.69615 -1.82832 -0.88058 0.68672 0.40642 0.55636 0.50479 0.95005 0.64357 -0.8465 1.51365 0.84068 -1.00966 -0.64551 -0.31968 -1.01719 -0.47871 -0.67765 -1.68468 -1.20314 0.37099 0.12136 0.15432 0.22152 0.63691 1.22382 1.10952 -1.88307 -1.1359 1.37458 -2.14437 -1.1771 -2.0243 -1.21509 -1.09887 -0.65829 -1.41675 -2.06903 -0.95655 0.00573 0.19773 0.70714 0.9632 0.91664 0.62203 0.0276 0.72785 0.68387 0.15032 0.33199 0.51012 0.84546 0.58785 1.03668
32 -0.26674 0.05877 -0.47972 -1.06717 0.23681 -0.41298 1.60502 0.09998 0.4089 -0.06638 -0.39697 0.40615 0.53179 -0.3671 0.00094 -1.05682 -0.36415 -0.49036 -0.29403 -0.58004 -1.17494 0.2286 -0.49747 1.47195 0.04657 0.43023 0.01513 -0.10858 -0.40418 -0.57351 2.17277 -0.51475 -0.12135 -0.45904 -1.1225 -0.4792 -0.69407 -1.15172 -1.30966 -0.9983 -0.40281 1.45054 0.14537 0.36609 0.06544 1.75174 -0.51414 0.29651 -0.42249 1.52067 1.20868 1.70669 0.43794 0.02889 0.40676
33 -2.49643 -0.25681 -2.86481 2.38672 -0.06167 0.22846 0.36887 0.17855 0.38121 -0.19425 -2.64837 1.70071 0.12905 -2.49396 -2.53523 3.87077 -2.61242 -3.04892 -2.63935 -2.90834 1.45792 0.53253 -0.21468 0.12382 -0.16063 -0.07736 -0.62527 0.46911 -2.90248 -3.00156 2.37263 -3.10662 -3.58042 -2.79754 1.89443 2.12692 -0.31951 2.04775 1.19448 2.20547 -0.02987 -0.06151 0.4182 0.40771 -0.16036 0.30674 0.0748 0.26007 0.02141 0.11842 0.83333 0.41082 0.27462 -0.02999 0.33817
34 0.13256 1.38493 0.13947 -1.45231 1.98552 -0.3033 -0.25053 3.48851 0.85681 0.43008 -0.6373 -0.51081 0.61946 -0.64634 0.40557 0.2166 -1.20377 -1.28824 -0.04173 -0.47848 -2.4839 0.84097 0.24096 -1.2873 0.9804 0.20166 0.42803 -1.36938 -0.45412 0.43983 -0.91758 -0.71538 -0.92788 -0.172 -2.36056 -0.794 0.17183 -2.89831 -1.93631 -1.81993 0.57601 -1.2779 1.50726 0.23767 0.79491 0.12698 1.52302 1.12059 -0.06384 -1.85952 -1.56088 -0.53986 0.05199 2.02726 0.6451
35 0.25122 -0.0456 -0.06344 -1.40941 -0.09467 -1.58224 0.20795 0.23158 0.57731 0.13601 0.18379 0.51156 0.47496 0.24505 1.27215 -0.36844 0.01951 -0.51554 0.1161 -0.10356 -1.43852 0.01387 -1.81287 0.0676 0.31056 0.36418 -0.05494 -1.38458 -0.10288 -0.90467 0.1921 -0.06039 0.38835 -0.12762 -1.38466 -0.33442 0.43713 -1.6055 -1.31635 -1.5865 -1.82169 0.2071 0.6144 0.44252 0.00927 1.54334 -1.7623 0.93108 -1.22154 -0.05884 -0.41851 0.10999 0.31421 0.0651 0.51697
36 -1.80034 0.56353 -0.11798 -1.32257 0.49375 0.63546 0.20081 1.57551 -0.27788 1.48812 -1.77352 -1.28986 0.5899 -1.77669 -1.92491 1.56714 -1.35601 -1.61134 -2.17585 -0.10556 -1.39327 0.44683 1.31387 -0.00465 1.29812 0.11605 1.08907 -1.02622 0.02969 0.29531 -0.16035 0.0884 -0.08801 -0.29025 -1.41935 -1.47838 0.01706 -1.33403 -0.9358 -1.851 1.01546 0.08694 1.55947 0.03615 1.2167 0.18821 1.82281 -0.23126 0.81693 -0.19443 -0.07321 -0.11329 0.44165 2.63443 -0.5688
37 -2.53352 0.17124 0.81052 1.00169 0.26286 0.56396 -3.388 0.96395 0.15641 0.68522 -2.45395 -2.46714 2.11853 -2.45337 -2.97116 0.03888 -2.53236 -2.23632 -2.60817 0.90088 0.91137 -0.02191 0.78368 -3.16914 0.56957 0.26121 0.52104 -0.04981 0.82838 0.77426 -3.20229 0.87366 0.06351 0.83517 0.55975 0.75109 1.85858 0.35303 0.67696 0.86347 0.70919 -2.98955 0.84276 0.09126 0.09132 -3.64872 1.07881 0.13477 0.66831 -3.03606 -2.81305 -3.3995 0.27702 0.813 0.13803
38 -0.15855 0.11715 0.12005 -1.44043 0.03043 0.70335 0.16738 1.10876 0.91585 2.63096 -0.15729 -0.14062 1.06719 -0.18193 -0.02732 1.09849 0.03311 -0.58372 -0.3249 0.02604 -1.57036 0.06473 0.53513 0.13571 1.10546 0.81323 1.6561 -1.04983 0.09991 0.22281 0.51124 0.30434 0.80708 0.76321 -1.46763 -0.83837 1.99557 -1.12574 -1.64814 -0.76123 0.57091 0.11435 1.43347 0.96267 1.26007 0.28539 0.58443 1.49184 1.07637 -0.43792 0.37019 -0.33375 1.35123 1.88155 1.49885
39 -1.71356 0.64081 -0.08066 -1.64733 1.1197 0.26486 -2.58167 0.57275 -1.16002 0.49775 -1.86581 -0.91666 1.24385 -1.8564 -1.84739 0.24949 -1.80468 -0.32775 -1.67823 0.1407 -1.56008 0.70009 0.50014 -2.56151 0.3579 -1.09225 0.70002 -1.00375 0.16767 -0.0358 -0.89627 0.19089 -0.39639 0.04785 -2.02324 -1.42588 2.1713 -1.76932 0.17761 -1.24295 0.69753 -2.45661 0.38664 -1.14545 0.96257 -2.30405 0.52826 -1.23266 0.53926 -2.38754 0.09111 -2.543 -1.09747 0.78593 -0.87916
40 0.51484 0.26987 -0.21498 -0.42556 0.08183 -0.14332 2.06028 -0.14912 -0.42775 0.39257 0.46834 0.05474 -0.31404 0.42311 0.40171 0.47568 0.64731 -0.53443 0.57502 -0.23286 -0.73392 0.09523 -0.10322 1.92157 0.00915 -0.56113 0.52813 -0.01935 -0.13875 -0.48158 0.98346 -0.18016 -0.62603 -0.01066 -0.74672 0.2469 -1.41405 -0.37205 0.48657 -0.14145 -0.1746 1.83356 0.12753 -0.46784 0.41263 1.75198 -0.2303 -0.07152 0.11628 1.88371 -1.59576 2.03897 -0.37624 -0.09 -0.41797
41 -1.54799 0.02129 -0.11637 0.49232 0.01466 0.31446 -0.0763 0.15507 -1.57752 -0.30179 -1.57654 -1.73832 2.16096 -1.6882 -0.55349 2.48904 -1.73483 -0.25451 -1.52418 -0.19908 0.60039 0.00122 0.52142 -0.06182 -0.05869 -1.85076 0.02132 1.06539 -0.28307 0.88089 0.1528 -0.45579 -1.3816 -0.24531 0.47195 0.1605 -0.0123 0.52477 1.54821 0.71009 0.38374 -0.04593 -0.02241 -1.79042 -0.19154 -0.18079 0.94595 -0.60463 0.2848 0.0474 1.49039 0.14577 -1.60505 0.16691 -1.62127
42 -1.92777 0.24257 0.76314 -1.00942 0.35009 0.49573 -0.69304 1.52827 3.18389 0.48242 -1.97283 -2.15551 0.96207 -2.00681 -2.46196 0.43369 -1.83681 -0.66792 -2.12767 0.7959 -0.81148 0.13152 0.61592 -0.80579 0.85496 3.15703 0.57925 -1.30715 0.80171 0.43904 -1.27577 1.0952 2.58217 0.95649 -0.79165 -1.30079 0.54248 -0.80833 -1.88334 -0.78002 0.56981 -0.83981 1.04094 3.04904 0.47774 -1.2647 1.11166 3.57465 0.79673 -0.80761 -1.38856 -0.90701 2.87702 1.55485 3.39102
43 1.07607 -0.35796 1.4148 3.7482 -0.93403 0.02416 0.50578 -0.94419 -0.15062 -0.61254 1.06307 -0.08762 -1.32287 1.07119 1.33193 0.18958 1.15511 1.63259 1.11393 0.81757 3.00333 -1.04795 -0.47291 0.52497 -0.61494 -0.43325 0.13104 -0.09009 1.10875 1.30799 0.13484 1.08953 2.3126 1.24551 3.28896 2.69038 -2.08107 2.99845 2.92007 3.76458 -0.42997 0.68958 -0.85916 -0.38895 -0.55693 0.77111 -0.64301 0.10272 -0.26619 0.70916 0.64535 0.51056 -0.46309 -0.41738 -0.3445
44 0.35223 0.04388 1.78921 1.02932 0.3506 0.36299 0.95735 0.1227 2.34621 1.86932 0.46819 0.94003 -0.3393 0.37747 0.04137 0.34735 0.5201 -0.20564 -0.27369 2.01451 1.23713 0.15258 0.34318 0.9778 -0.17407 2.18835 0.94543 -0.2894 2.26773 2.22143 -0.02815 1.95458 -0.15697 2.0189 1.43726 0.61618 -1.16633 1.01825 -1.49831 0.32921 0.42217 0.9875 -0.08895 2.40627 1.12421 0.54715 0.47737 2.62005 0.61141 1.07854 -1.15339 0.26166 2.39659 1.22977 2.55155
45 1.55047 -0.40326 -0.85324 -0.18589 -0.14271 0.31905 -0.36081 0.09188 0.5083 -0.11069 1.57654 1.03003 -1.27073 1.5585 1.23173 1.01926 1.65149 1.20176 1.50951 -0.56451 0.07568 -0.13658 -0.03639 -0.20322 -0.06548 0.54623 -0.43963 1.1595 -0.4875 -1.31992 0.09593 -0.72748 0.13624 -0.90628 -0.01559 -0.19424 0.25958 -0.11639 -0.2661 -0.20906 0.33309 -0.22083 -0.04542 0.52542 -0.07593 -0.60975 0.27495 0.39647 0.25423 -0.29023 0.1537 -0.42383 0.39129 0.13798 0.49251
46 0.55369 0.18517 -0.61691 -0.81445 0.1153 -0.60844 0.77423 0.16751 -0.13773 0.82089 0.44282 0.76004 0.05397 0.54099 0.88712 0.06121 0.60056 0.73846 0.65156 -0.70783 -1.01111 0.22856 -0.62946 0.61213 0.19155 -0.12406 0.3574 -0.84016 -0.56837 -0.20723 0.97915 -0.80325 -0.77325 -0.42112 -0.94817 -0.6708 0.51998 -1.10828 -0.65157 -0.8258 -0.4884 0.74042 0.19323 -0.10691 0.40547 1.11383 -0.68146 -0.49989 -0.14201 0.86587 1.19878 0.84709 -0.26742 0.48279 0.07394
47 -0.05007 0.09055 -2.442 -0.17388 0.32972 -0.98062 0.95144 1.85339 -0.10026 0.55349 0.29284 -0.25305 -0.12637 0.3936 -0.23673 1.12484 0.53625 -0.35494 0.16324 -2.51175 0.04257 -0.1934 -1.03468 1.07119 1.31485 0.40821 -0.29943 -0.53435 -2.60142 -2.32318 1.4086 -2.44114 -1.72693 -2.5239 -0.05762 0.28292 -0.44442 -0.18948 -0.06252 0.17098 -1.07249 1.09767 1.85665 0.15705 -0.25546 1.55739 0.21322 0.33932 -0.66611 0.6712 0.28987 1.35422 0.54552 1.72792 0.22015
48 0.04473 1.932 1.36458 0.12613 2.11654 0.56296 -0.97672 1.90478 1.03429 0.81224 0.06194 -0.21489 -0.69075 0.27618 0.47169 -0.17804 0.30002 -0.27893 0.16722 0.84145 0.43528 0.36138 -0.90904 -0.8254 0.34959 0.62913 2.57792 0.03286 0.8614 0.77612 -0.94567 0.79967 0.51318 1.14446 0.43774 1.01041 -0.66901 0.44549 -0.27573 -0.10302 -1.11049 -0.65326 0.22061 0.66018 1.90794 -0.09149 -1.33299 0.37323 0.84992 -0.79756 -1.26672 -1.27427 0.65482 1.60808 1.04521
49 -1.548 0.03457 -0.13602 -2.49416 0.27535 0.09631 -0.28732 3.44021 1.1367 0.06981 -1.54957 -1.74241 0.85422 -1.62156 -1.68336 1.61642 -1.63466 -2.75146 -1.42332 -0.11621 -2.07597 0.17764 0.11839 -0.28351 3.62384 1.16751 -0.11262 -2.08647 -0.08917 -0.19306 0.00413 0.97943 0.8847 -0.04706 -2.29047 -2.55648 1.91188 -1.33229 -2.4348 -2.23279 0.30928 -0.50684 4.01427 0.92645 0.07454 -0.18309 2.35081 1.01369 0.41483 -1.64458 -1.89311 -0.28149 1.07089 2.83944 1.25514
50 -1.30881 -0.24292 -1.03097 0.3548 -0.30033 -0.45387 -0.96961 -0.20228 -0.19463 -0.5469 -1.18732 -0.56927 1.51264 -1.25516 -1.12488 -1.64927 -1.44365 -1.65906 -1.32808 -0.84248 0.4586 -0.1188 -0.47083 -1.14359 -0.30913 -0.32434 -0.25911 1.0467 -0.82182 -0.9367 -1.19118 -1.06084 -1.50102 -0.86774 0.56861 0.35884 1.4659 0.56428 0.68669 0.497 -0.49216 -1.09037 -0.31049 -0.27817 -0.11124 -1.20754 -0.658 -0.62594 -0.6783 -0.84077 -0.21274 -0.97781 -0.01729 -0.19699 -0.17326
51 -0.43615 0.03275 3.02799 -2.56883 0.04844 -0.23804 -0.47099 0.00945 -0.48827 0.07597 -0.36624 -2.37866 0.63709 -0.44867 -0.39875 0.25645 -0.43649 -0.25142 -0.54577 2.9614 -2.30754 0.26597 -0.43283 -0.33635 0.13395 -0.71457 0.40012 -2.54082 3.0042 3.27589 -2.02156 2.9843 1.5451 3.04099 -2.51065 -2.50261 0.13523 -2.57754 -1.36852 -2.76996 -0.44993 -0.46237 0.10697 -0.56999 0.22628 -0.35662 -0.50975 -0.51089 -0.4607 -0.44598 -0.27947 -0.58779 -0.81717 0.16407 -0.63324
52 -0.10023 -0.00454 -0.76251 0.06479 -0.00297 0.03525 0.25109 0.36518 1.87606 0.20396 0.08982 -0.37501 -0.16447 0.03748 0.0541 0.64986 -0.08172 -0.4311 -0.11774 -0.70955 0.13324 0.07627 0.19817 0.404 0.36033 1.88456 0.3779 0.11102 -0.7227 -1.27262 0.09593 -0.81499 -1.73463 -0.98025 0.02894 -0.1027 -0.42849 -0.01059 -1.40132 -0.0396 0.12631 0.34014 0.49774 1.85651 0.43268 0.27641 0.32757 1.8208 0.00346 0.09595 -1.2783 0.12275 1.93485 0.63495 1.67668
53 -1.06619 0.10238 -0.38633 1.61759 0.22067 1.75358 1.72306 0.81775 -0.22003 0.13604 -0.95217 -0.9982 -0.21832 -1.00003 -1.27379 -0.2537 -0.77118 0.02236 -1.23666 -0.27053 1.68182 0.15169 1.8461 1.81315 0.52323 -0.35532 0.28863 1.63449 -0.26405 0.47603 1.53552 0.14468 -0.2812 -0.33081 1.61126 0.10356 -0.80677 1.80657 -0.12253 1.76544 1.8005 1.7423 0.89347 -0.28248 0.27723 0.33502 2.35853 0.1807 1.77902 1.85151 0.54929 1.70593 -0.46583 0.95203 -0.15994
54 -0.08419 -0.10059 0.0937 -0.18224 -0.28071 0.3853 2.16371 0.06991 0.17749 0.50893 -0.14299 -0.2897 0.08783 -0.13048 -0.47728 -1.84109 -0.20047 -0.50016 -0.21337 -0.05867 -0.26669 0.02873 0.34009 1.88326 0.12485 0.07944 0.2128 -0.15163 -0.03893 0.08021 2.39372 -0.04715 0.09755 0.14252 -0.19769 -0.82056 -1.5924 -0.27227 -0.36155 -0.42388 0.42631 1.80684 0.31418 0.08625 0.07683 1.9124 0.48135 0.00161 0.42419 1.73967 1.90835 2.22686 0.17514 0.42342 0.11216
55 -0.15676 -0.22889 0.60291 0.25667 -0.35703 0.14446 1.57007 -0.06545 -0.32868 0.26045 -0.33408 0.14333 0.89862 -0.27537 -0.2571 1.99685 -0.25022 -0.1348 -0.14691 0.50654 0.17498 -0.10319 -0.04681 1.35291 -0.06252 -0.3797 -0.07737 -0.72559 0.52194 0.59778 1.00305 0.49609 -0.21527 0.63246 0.30501 0.1395 -0.84316 0.20696 0.46469 0.1746 -0.06932 1.39898 -0.04802 -0.45328 -0.07297 1.23053 -0.0109 -0.59887 0.28787 1.39962 0.94014 1.54615 -0.30873 0.11606 -0.29075
56 0.50433 -0.11573 0.11325 -0.90402 0.17858 -0.51935 0.17521 0.56363 0.01665 -0.15541 0.37569 0.61287 -0.03866 0.49872 0.45764 0.5237 0.50385 0.80934 0.62607 -0.01802 -0.91189 -0.04926 -0.57478 -0.00657 0.45577 -0.14305 -0.55368 -0.7588 0.07695 -0.13459 0.34566 0.21712 -0.03003 0.10323 -0.7062 -0.3706 -0.06527 -0.4385 -0.77364 -0.54024 -0.46182 0.19792 0.34275 -0.00587 -0.2868 0.04541 -0.0503 -0.25533 -0.29042 0.09776 0.57419 0.34641 0.17729 -0.00456 0.07741
57 0.17841 -0.18062 0.33204 -0.0786 -0.03395 -0.24746 0.00692 0.0046 -0.16546 -0.1872 0.1637 0.0703 -0.01365 0.12244 0.70088 0.43552 0.0888 0.77846 0.24738 0.18703 -0.01593 -0.17009 -0.49615 -0.2059 -0.04428 -0.30985 -0.42348 -0.60453 0.3495 0.62834 0.84102 0.32483 0.59462 0.38974 0.03629 0.29765 0.92939 -0.03563 0.21974 0.03379 -0.31803 -0.26637 -0.04269 -0.22493 -0.21781 0.89325 -0.20957 -0.10312 -0.11253 -0.23614 0.89281 0.11062 -0.15478 -0.1325 -0.01594
58 0.17543 -0.10553 -0.45612 0.6331 -0.22298 0.61024 1.08825 -0.18658 2.22135 0.02981 0.16234 0.59379 -0.22937 0.15858 -0.12204 -0.51823 0.20749 -1.7165 0.14932 -0.6248 0.53004 -0.00652 0.20331 1.0984 0.06526 2.06732 -0.19247 1.31446 -0.56296 -0.30495 1.69479 -0.55766 1.84365 -0.37865 0.5555 0.24425 -0.65089 0.61518 -1.49731 0.66169 0.27969 1.10777 -0.00989 2.12191 -0.27328 0.99812 0.35116 2.01956 0.49793 1.1889 -0.70723 1.2218 2.27332 -0.15618 2.24917
59 2.33062 0.019 -0.25879 -1.53862 0.01975 -0.12772 0.9445 0.13882 0.34882 -0.19383 2.36705 2.88764 -1.95184 2.41152 2.67168 -0.48547 2.34623 2.09581 2.37155 -0.19916 -1.3751 -0.09246 -0.03061 0.81798 0.11297 0.3474 -0.01545 -1.01778 -0.2399 -0.14979 1.25014 -0.2729 -0.24571 -0.26994 -1.25962 -1.41411 0.22205 -1.42526 -1.99543 -1.52302 -0.04614 0.97875 0.14097 0.3901 -0.02484 1.03282 -0.01465 0.0721 -0.12467 0.77697 0.23371 0.94371 0.42748 -0.01688 0.26962
60 -1.9417 0.15104 -0.91191 -0.89576 0.08243 -0.23108 0.16754 0.23415 0.99643 0.68966 -2.0804 -0.87569 -8e-04 -2.02354 -1.58432 1.89758 -2.08994 -1.47446 -2.10474 -0.96549 -1.2991 0.39285 -0.29548 -0.02564 0.31199 0.79453 0.50306 -0.44852 -0.95997 -0.83753 1.69947 -1.02016 0.68139 -0.97857 -1.09541 -0.22393 0.56823 -1.57676 -0.56598 -0.95481 -0.27688 0.02999 1.01819 0.88073 0.35148 0.55232 -0.36257 1.08352 -0.11929 0.04981 -0.71186 0.06005 0.64169 0.48563 1.09781
61 -0.87731 0.04545 -0.09161 2.33932 0.02101 -0.22069 0.36721 -0.04449 -0.11779 0.00267 -0.97913 -0.70732 0.28253 -0.95147 -0.2362 1.18266 -1.01246 0.39415 -0.83437 -0.05944 2.25419 0.01247 -0.07002 0.34283 -0.09542 -0.20173 -0.00132 1.34792 -0.02967 0.37386 0.50032 -0.19277 -0.60543 -0.13105 2.36672 2.40453 -0.28323 2.3457 0.75421 2.48456 -0.07024 0.25396 -0.1478 -0.21026 -0.01477 1.15521 -0.18191 0.32399 -0.07872 0.31981 0.08036 0.56591 -0.18894 -0.02042 -0.10601
62 -0.28149 0.01414 -0.90969 0.78742 -0.74569 2.68176 2.77118 0.03149 -1.6177 1.70908 -0.30184 -0.2927 0.6329 -0.16333 0.24242 3.5119 -0.14333 -0.84931 -0.45566 -0.8825 0.85399 -0.74432 2.53975 2.74957 0.12949 -1.62383 0.73867 1.81687 -1.1062 0.68479 2.78103 -0.83691 -1.27089 -0.80021 0.7421 -0.33836 -0.67349 1.09706 0.94729 0.08629 2.17988 2.76227 -0.82758 -1.46621 0.57453 1.10453 2.69409 -0.00612 2.47455 2.83266 1.92513 2.31716 -1.60253 1.08375 -1.75614
63 0.27263 -0.31233 -0.57508 0.57695 -0.35173 -0.25174 2.56522 -0.24853 1.45575 -0.22095 0.28379 0.04527 -0.69154 0.13198 0.09897 -2.01117 0.36479 -0.98191 0.18408 -0.40418 0.47119 -0.11744 -0.22563 2.34964 -0.10304 1.24885 -0.36601 0.04325 -0.4673 -1.75495 -1.41422 -0.49212 -1.1095 -0.54718 0.57805 0.53012 -2.04261 0.49386 -1.14286 0.48522 -0.15172 2.37879 -0.36291 1.37963 -0.3098 2.50975 -0.3956 1.47085 -0.10224 2.41325 0.77441 2.59118 1.41981 -0.32925 1.495
64 0.90829 -0.05223 -1.58882 -0.39975 -0.18813 -2.6035 1.98146 0.22364 2.08224 -0.31194 0.94888 1.33365 -0.93354 1.06532 1.48514 -1.13435 0.95913 -1.07482 1.04834 -1.40422 -0.2226 -0.15422 -2.37655 1.91019 0.14157 2.23907 -0.35556 0.67623 -1.38397 -0.66247 1.23758 -1.3812 -0.41295 -1.87435 -0.26184 1.42064 -1.39358 -0.20154 -2.13744 -0.41667 -2.44445 2.13641 0.21102 2.11025 -0.38509 1.81501 -2.2431 1.14412 -2.93701 1.93878 -0.04353 2.19406 2.18353 0.01507 2.01347
65 1.21995 0.05604 -0.12569 0.50372 -0.01383 -0.50717 2.60048 0.04651 2.88055 -0.0164 1.14424 1.08329 -0.91928 1.15121 1.34158 2.008 1.2084 1.55638 1.23836 -0.2117 0.27684 0.08843 -0.55449 2.53023 -0.04043 2.70909 0.04079 0.79596 -0.17862 0.01157 2.31572 -0.16841 3.60357 -0.0806 0.40294 1.1244 -2.41806 0.42648 -1.49492 0.58365 -0.63387 2.60571 -0.01721 2.72496 -0.04771 2.86722 -0.5145 3.36788 -0.46253 2.58415 -0.04393 2.67288 2.81119 0.03109 3.06592
66 -0.04593 -0.12085 -0.14698 0.21907 -0.03607 -0.37437 0.8317 -0.09004 0.75206 -0.9526 0.07521 0.20377 -0.46487 0.07249 -0.1547 0.08718 0.15665 -1.01544 0.04797 -0.22749 0.02881 0.02383 -0.53495 0.94793 -0.03041 0.66596 -0.39932 0.47074 -0.20986 -0.1793 0.94442 -0.10209 0.78102 -0.22462 0.13744 0.61025 -1.22461 0.28551 -0.67713 0.16752 -0.40609 0.95655 -0.14922 0.76356 -0.23218 0.46987 -0.37566 0.6043 -0.91776 1.04171 -0.29657 0.98091 0.83311 -0.33639 0.66014
67 1.86244 -0.04906 -0.85061 -0.63897 -0.06604 -1.09481 1.98488 -0.75709 -1.13821 -0.03292 1.76633 1.61652 -1.39922 1.86204 2.00016 -0.23886 1.8726 1.2857 2.00552 -0.80436 -0.55236 -0.19891 -1.21896 1.91122 -0.70349 -1.15435 -0.05026 0.09727 -0.71476 -1.56322 1.6945 -0.88538 -1.35414 -0.90725 -0.44999 -0.11456 -1.25305 -0.2905 0.29582 -0.60029 -0.99816 1.97487 -1.02036 -1.0237 -0.01154 1.92273 -1.06123 -1.05143 -1.05784 2.03714 1.33829 2.13477 -0.75498 -0.76734 -1.2543
68 -0.72555 -0.25868 -1.12698 0.09693 -0.07839 -0.10556 0.54024 0.82786 2.04564 0.2418 -0.81232 0.08928 -0.21517 -0.66258 -0.68526 0.7819 -1.21262 -1.79552 -0.85705 -1.17799 -0.26828 -0.00899 -0.42612 0.4977 1.00165 1.67718 -0.24672 1.2774 -1.10803 -1.19324 1.10129 -1.09901 0.88115 -1.1527 -0.05023 0.15927 -0.65817 -0.72513 -1.34269 0.45006 -0.25046 0.51965 1.60214 1.91904 0.09674 0.65747 0.03268 2.35005 -0.09765 -0.08521 -1.13273 0.44228 1.72605 1.00488 1.97975
69 -0.67226 0.30839 -0.1016 1.14905 0.19799 -0.23502 -0.60821 -0.04633 -1.04159 0.5327 -0.88179 -0.53179 0.27143 -0.84663 -0.62966 0.76995 -0.80006 0.49991 -0.64174 0.04241 0.99055 0.17061 -0.05271 -0.9274 0.31931 -0.89922 0.56854 1.34006 -0.0093 -0.27955 -0.28688 -0.13504 -1.07192 -0.0469 1.10779 0.96679 0.25115 0.97332 1.41022 1.0363 -0.1756 -0.71143 0.04341 -0.87504 0.69479 -0.44719 -0.21771 -0.92983 -0.02334 -0.59716 0.80806 -0.68985 -1.09895 0.18635 -0.98172
70 0.26377 -0.03776 3.04735 0.28158 -0.06109 -0.35847 -1.90242 0.02406 2.2811 -0.51589 0.27788 -0.7011 -0.19879 0.21882 0.21363 0.58953 0.28655 -0.28076 0.07895 2.83864 0.23465 0.03922 -0.68546 -1.89601 -0.00427 2.2656 -0.38186 -2.46486 2.99809 2.64034 -0.64488 2.958 0.36413 2.87256 0.30344 -0.09509 1.75584 0.20491 -1.41105 0.15446 -0.49081 -1.96938 0.08149 2.31349 -0.22433 -1.75063 -0.46068 1.62156 -0.17868 -1.98183 -0.15506 -2.11847 2.44741 -0.10074 2.15082
71 0.47809 -0.12209 3.00537 1.91134 -0.05915 0.18302 -0.01814 -0.16334 1.69365 0.36059 0.6797 -1.47189 -0.29859 0.58692 0.88637 0.19226 0.62752 -0.6137 0.68814 2.9286 1.91988 -0.03199 4e-04 0.12737 -0.03991 1.66826 0.3537 -1.26127 2.82874 2.40929 -2.0586 2.99629 -0.54221 2.99038 1.85372 1.42189 -0.47352 1.90126 -0.44658 1.88577 0.16434 0.10629 -0.11975 1.58644 0.65433 0.02577 0.04493 1.00939 0.22334 0.12468 -1.09488 -0.0585 1.78425 0.36252 1.63499
72 0.15055 0.06323 -0.14726 0.67889 0.17824 0.19213 0.49626 0.04734 0.38324 -0.02101 0.02294 0.49639 -0.01666 -0.02068 0.24924 -0.90808 0.05422 -0.44955 0.18075 -0.34356 0.40862 -0.00464 0.30282 0.37954 -0.0421 0.27823 0.05291 1.05743 -0.32313 0.15811 0.3065 -0.29113 -0.19949 -0.11305 0.2857 0.58263 -0.71621 0.51894 0.16821 0.83813 0.32048 0.34565 0.05596 0.23831 0.17196 0.22301 0.30935 0.42446 0.11801 0.39537 -0.03402 0.56288 0.34095 0.04518 0.41253
73 -0.02368 -0.14728 -0.46271 -0.45112 -0.17492 0.93864 0.07001 0.3791 -0.00279 1.21119 -0.03136 0.50967 0.50399 -0.05007 -0.42318 0.2602 -0.15851 0.03352 -0.18334 -0.55779 -0.51527 0.0037 0.60012 0.16172 0.64273 -0.28461 0.06755 0.13442 -0.45325 -0.2775 0.91171 -0.12114 0.06651 -0.3154 -0.45658 -1.40919 0.66081 -0.21574 -0.40772 -0.75142 0.81676 0.0967 0.64145 -0.25701 0.23842 -0.28578 1.34471 0.42514 0.78914 -0.194 0.44908 0.02197 0.24408 1.17056 0.00092
74 0.49402 -0.10941 -0.09079 -8e-05 -0.02572 -1.70176 -0.31912 0.17995 -1.89588 -0.28055 0.5263 0.82939 -0.22628 0.60116 0.85255 0.57784 0.5956 1.49618 0.55635 -0.04119 0.13202 -0.10109 -1.51198 -0.23834 0.20554 -1.91748 -0.28219 0.22666 -0.05475 -1.00228 -0.0845 -0.00034 -1.86883 -0.13168 0.08023 1.07646 0.37814 0.07916 1.61082 0.00547 -1.64246 -0.20204 0.26983 -1.78484 -0.18928 0.48902 -1.35043 -2.08353 -1.38993 -0.36076 0.96133 -0.25052 -1.75859 0.08723 -2.01188
75 -0.10329 -0.48865 -0.41973 0.77162 -0.19085 -0.64502 1.44272 -0.146 0.86011 -0.49501 -0.07102 -0.05578 -0.32545 -0.05245 0.29913 -0.8291 0.02543 -0.63057 -0.01406 -0.20995 0.77008 -0.44389 -0.9246 1.31083 -0.12714 0.63559 -0.60633 0.08758 -0.21163 -0.31223 0.08002 -0.27928 -0.48302 -0.3692 0.7426 1.12612 -0.55893 0.86702 0.30001 0.85426 -0.85332 1.41016 -0.27229 0.66606 -0.29759 1.7307 -0.68567 0.9126 -0.59738 1.54045 0.49666 1.60255 0.72921 -0.19838 0.93237
76 0.17478 0.0241 1.84853 1.07859 -0.03784 4.23174 -0.27172 0.01553 -0.12083 0.65605 0.25178 -2.27436 -1.4717 0.24665 -2.23942 0.47515 0.26531 0.16345 0.07651 1.91071 0.96817 0.0113 4.19274 -0.20109 0.05873 -0.15978 0.2828 -1.09682 1.95601 -0.83855 -1.55291 1.97767 2.39042 1.84534 1.00093 -1.44522 -0.05713 1.02523 1.44458 1.00559 4.23646 -0.35562 -0.01708 -0.23 0.25048 -2.02554 4.03176 1.99401 4.72981 -0.32621 -0.15588 -0.392 -0.21353 0.23809 0.04405
77 -1.84127 0.0045 -0.24378 1.10684 -0.02563 -0.13854 0.42129 1.97361 -0.24196 0.60192 -1.88592 -1.6533 -0.23504 -1.80999 -1.88693 3.54143 -1.57845 0.63765 -1.966 -0.22942 1.06948 -0.22392 -0.0344 0.36298 2.24348 -0.13307 0.39788 0.80841 -0.3451 -0.08156 0.39756 0.18951 0.67301 -0.32115 0.82655 1.19937 -1.13005 0.85715 0.96423 0.7391 -0.26035 0.3477 2.26742 -0.26462 0.44466 0.47296 0.82378 0.15114 -0.23497 -0.45586 0.95016 0.08311 0.07693 2.02013 -0.43267
78 -0.47208 -0.31133 -0.46074 -0.37903 -0.39079 3.13688 0.17288 0.30984 0.97788 -0.48696 -0.65271 -0.3199 0.10372 -0.63649 0.9147 1.00962 -0.3739 0.4283 -0.3644 -0.50258 -0.42728 -0.22255 2.14858 0.04655 0.42818 0.80114 -0.39873 -0.37847 -0.50414 -2.37633 0.27228 -0.30853 -1.10022 -0.44995 -0.51228 -1.90196 0.197 -0.21057 -1.17958 -0.41866 2.33936 0.08526 0.36993 0.78914 -0.30549 0.8283 2.83034 -0.62148 2.9405 0.06182 0.94548 0.30457 1.26644 0.37515 0.84371
79 0.24529 0.11061 -0.66212 -0.20718 0.04777 -0.70411 1.94735 0.06561 -3.4324 0.05336 0.10353 1.03319 -0.28261 -0.07745 1.24566 1.26356 0.28767 0.6343 0.4257 -0.72713 -0.31544 0.04533 -0.58972 1.88324 0.09866 -3.48422 0.34658 0.87174 -0.83619 -0.40203 2.57626 -0.76334 -3.08075 -0.5067 -0.43366 0.72691 -1.82505 -0.1766 3.32813 -0.06659 -0.87847 1.71194 0.15661 -3.59247 -0.01364 2.85469 -0.58277 -2.79303 -0.29267 2.05212 2.21208 2.1542 -3.37363 0.36842 -3.41242
80 1.59505 0.01057 -1.14186 -3.71132 -0.05571 -0.36107 1.29973 -0.10637 -2.22727 -0.20083 1.58218 1.71517 1.78291 1.69005 0.85947 -1.6152 1.71189 1.29723 1.63168 -1.25984 -3.19958 -0.00595 -0.27088 1.13105 -0.22601 -2.19509 0.10093 -0.43254 -1.23255 -0.63825 1.49155 -1.40968 -1.25655 -1.03803 -3.49344 -2.45726 1.8951 -3.21791 -0.27267 -3.69783 -0.39564 1.32969 -0.0557 -2.21224 -0.01443 0.84699 -0.44674 -1.11227 -0.29587 1.23495 1.39911 1.38891 -2.30101 0.01372 -2.23495
81 1.04445 0.02341 -1.13352 -2.39158 0.24465 -1.15809 0.85955 0.01013 0.10212 0.13873 1.099 1.26485 -0.09468 1.12119 2.08925 -0.19857 1.02134 1.6473 1.1065 -0.9385 -2.3359 0.24892 -0.97503 0.92318 0.06281 0.09493 0.23805 -0.32242 -1.11555 -0.51634 0.33861 -1.13436 -0.34352 -1.00461 -2.2035 -1.10083 -0.41759 -2.37902 -0.6436 -2.31829 -0.96388 0.93997 0.29261 -0.13478 0.50659 1.5087 -1.11376 1.15778 -1.21078 0.81588 0.43519 0.93783 -0.02704 0.14833 0.29545
82 1.9693 0.15569 2.39541 1.13388 0.62079 0.46989 0.63151 0.16616 1.31994 1.34957 1.80569 0.66976 -0.75767 1.87531 1.07245 -1.18039 1.92194 0.68876 1.92847 2.10326 0.80969 0.55292 0.47867 0.38227 0.16932 1.21321 1.08948 -1.50223 1.86649 2.43841 -0.63172 2.00747 -0.44385 2.18276 0.67577 0.73771 0.36072 0.84613 -0.23985 1.12032 0.65804 0.56072 0.06025 0.82172 0.99946 0.09399 0.58732 1.16966 0.69884 0.55052 0.25583 0.82999 1.17445 0.6821 1.0151
83 2.12611 0.09425 -0.65731 -3.78352 -0.01056 0.22322 2.35445 -0.0204 -0.82439 -0.20888 2.24089 1.93944 -0.41895 2.34016 1.27503 0.1887 2.35586 0.5439 2.23084 -0.6692 -3.5589 0.1709 0.17121 2.42871 0.06481 -0.80001 0.02048 -1.99405 -0.72218 0.13568 1.57939 -0.7579 -0.15193 -0.61486 -3.6306 -2.15496 -0.50454 -3.55146 -0.81069 -3.53029 0.15814 2.62212 0.14735 -0.83009 -0.09238 1.01363 0.16917 -0.1914 0.1954 2.55161 0.21627 2.43699 -0.89366 -0.00566 -0.80697
84 -0.12176 -0.01779 -1.7457 -2.105 -0.28538 0.00086 0.69048 -0.31751 -0.26437 -0.00266 0.03746 0.96515 1.60736 -0.07565 -0.08697 -0.81123 -0.06105 0.14323 -0.11505 -1.62826 -1.45799 -0.07563 0.10929 0.89056 0.00046 -0.27156 -0.02135 -0.12469 -1.74927 -2.13624 0.028 -1.90226 -1.80369 -1.77582 -1.95427 -1.79177 0.48241 -1.94241 -1.27857 -2.00956 -0.10132 0.76415 -0.03058 -0.30853 -0.33709 0.78746 -0.16104 -0.15173 -0.02223 0.79736 0.71944 0.65643 -0.35552 -0.3746 -0.26818
85 -0.10899 0.75289 0.10411 0.22101 0.78395 0.62791 0.10958 0.53859 2.00517 1.3225 -0.17163 -0.13458 -0.08275 -0.14747 -0.55303 -0.06695 -0.13436 -1.4971 -0.43499 0.10183 0.28506 0.41615 1.115 -0.01383 0.3282 2.08594 1.78892 -0.27275 0.24487 -0.25166 -0.2711 0.23747 -1.48141 -0.18304 0.25562 -0.27847 -0.05575 0.25545 -1.24154 -0.18722 0.87504 -0.08886 0.38318 1.91551 1.40982 -0.28813 0.77194 2.02297 0.6267 -0.10481 -0.75778 -0.25466 2.11158 1.1935 1.82174
86 0.01493 0.14443 -1.84099 -0.04572 0.04858 0.10276 0.42225 0.07676 -0.05904 -0.08814 -0.08075 1.80742 0.13124 -0.06958 -0.02535 -0.34693 -0.03652 0.13368 -0.07325 -1.54367 0.05082 0.08433 0.30918 0.28295 -0.00372 0.03143 -0.0477 1.65847 -1.68324 -2.60332 1.43594 -1.60096 -2.05636 -2.0029 -0.08489 -0.22586 -0.17015 0.07416 0.13721 -0.10491 0.19132 0.29354 0.01701 -0.0635 -0.12073 0.37287 0.23752 -0.04454 0.11437 0.37078 0.59423 0.31526 0.01913 -0.02249 -0.17236
87 -0.45831 0.18446 1.29221 -0.10215 0.26097 1.6968 -1.92163 0.06707 -0.6027 -0.12772 -0.30085 -1.98455 -0.6131 -0.26997 -1.65459 -0.16408 -0.39621 -0.21991 -0.46696 1.50706 0.14737 -0.08936 2.17601 -1.8188 -0.1004 -0.527 0.05448 -0.71515 1.34534 1.05243 -2.47555 1.40946 -0.55764 1.36751 -0.04828 -0.25644 -0.34595 0.05462 -0.01803 -0.01456 2.1799 -1.77264 -0.00741 -0.52011 0.00369 -2.34415 1.83204 -0.13445 1.85678 -1.73108 -1.05242 -1.96228 -0.48519 -0.0875 -0.64747
88 -1.77963 -0.23102 -1.29697 -0.0533 -0.15548 0.22518 0.56094 -0.29281 1.66293 -0.05056 -1.7938 -0.66018 2.28823 -1.88005 -2.26041 1.13949 -1.83154 0.11043 -1.68826 -1.4094 0.00823 -0.21793 0.08743 0.56425 -0.07623 1.68602 -0.3971 1.62666 -1.37073 -1.71708 1.57584 -1.42706 2.74708 -0.99753 -0.06522 -0.34576 -0.50745 0.0475 -1.68098 -0.00294 0.17467 0.59352 -0.16267 1.57233 -0.14794 0.31976 0.10411 1.69619 0.13661 0.58418 -0.33377 0.6779 1.5924 -0.33374 1.85659
89 0.0923 -0.35342 -0.24032 0.71397 -0.53876 -0.04325 -0.26298 -0.54074 -0.89099 -0.1516 0.14257 -0.14907 -0.11375 0.16245 0.02102 0.16472 0.40771 0.64038 -0.06281 -0.19715 0.74271 -0.17254 -0.34268 -0.36093 -0.59958 -0.83434 -0.36431 0.17822 -0.15009 -0.57386 -0.38391 0.0513 0.31953 -0.59321 0.74421 0.61289 0.01565 1.18191 1.09551 0.61858 -0.40029 -0.26894 -1.06581 -0.75133 -0.33206 -0.31475 -0.36393 -1.28732 -0.15556 0.0926 0.22643 -0.52945 -0.4264 -0.15904 -1.12196
90 -1.00909 0.04487 -0.20687 -0.4981 0.09342 0.07399 0.8269 0.15599 -0.12642 0.17345 -0.95654 -1.17807 0.9446 -1.0153 -1.20492 1.36524 -0.95926 1.04227 -1.11518 -0.13857 -0.55292 0.0947 0.05086 0.75311 0.10161 -0.23241 0.21288 -0.62914 -0.17375 -0.46077 0.9571 -0.04347 0.11061 -0.35863 -0.53678 -0.56896 0.11035 -0.52965 0.20991 -0.58253 0.0725 0.76426 0.14744 -0.18744 0.23572 1.06058 0.09339 -0.05869 0.04723 0.72642 -0.26969 0.80036 -0.25172 0.28896 -0.17076
91 -0.77032 -0.02354 0.08922 -0.04346 0.08234 0.12543 -0.90951 0.2109 0.36516 0.16204 -0.76609 -1.07917 0.65968 -0.78117 -1.24524 -0.0648 -0.7998 -1.72479 -0.82932 0.08049 -0.07081 0.04578 0.00143 -0.92668 0.06092 0.3599 -0.06633 -0.20564 0.16323 -0.21901 -0.61437 0.30631 -0.56148 0.15242 -0.12111 -0.20546 0.7033 -0.01357 -0.73365 -0.03362 0.17398 -0.99077 0.02889 0.45529 0.03512 -1.17494 0.17596 0.21145 0.12244 -0.95709 -1.54443 -0.98696 0.52721 0.17938 0.36462
92 0.31644 -0.07964 -0.09034 0.14835 -0.09802 0.13695 -0.29193 -0.19591 0.22531 -0.4482 0.24551 0.40238 -0.1896 0.30095 0.26898 0.03074 0.40234 0.37658 0.33195 -0.05931 0.29549 -0.06504 0.1614 -0.36661 -0.1567 0.31622 -0.23461 0.2964 -0.06169 -0.0977 -0.13782 -0.17815 -0.14475 -0.08547 0.22531 -0.25765 0.38421 0.17977 -0.39894 0.24909 0.14495 -0.32129 -0.17106 0.30615 -0.31846 -0.47047 -0.01214 0.09623 0.14614 -0.20936 -0.49392 -0.27036 0.23261 -0.30739 0.17394
93 -0.13997 0.01363 0.65737 0.47845 -0.05423 -0.68199 1.27584 0.06815 1.17321 -0.3566 -0.11786 -0.45111 0.26699 -0.14848 0.23443 -1.03046 -0.18679 -0.95904 -0.02763 0.53162 0.41674 0.06445 -0.59982 1.14202 0.11699 1.24914 -0.05768 -0.4689 0.65475 0.06011 0.49417 0.68885 -0.02394 0.57775 0.42371 0.64617 0.04953 0.57534 -0.50188 0.59904 -0.43375 1.16033 0.06028 1.12982 -0.11526 1.30215 -0.29377 0.53692 -0.51239 1.11448 0.30792 1.43218 1.31168 0.12279 1.29634
94 1.29267 -0.01522 -0.39406 -0.47936 -0.07872 0.5989 1.0979 -0.00632 0.8248 0.03926 1.43672 -0.88745 -1.33732 1.40256 0.7276 -0.32379 1.43074 0.32341 1.33605 -0.11826 -0.48138 -0.0171 0.45973 1.15058 -0.12556 0.86849 -0.04156 0.62782 -0.26224 -1.65566 -1.77204 -0.31036 -1.854 -0.30054 -0.5365 -0.0895 -1.78131 -0.50282 -0.72875 -0.51268 0.51581 1.14894 -0.09801 0.79598 -0.13347 0.46901 0.5517 0.45289 0.84651 1.15282 0.401 1.22209 0.91696 -0.02469 0.91914
95 1.94701 -0.81755 1.22127 1.15461 -0.93462 0.18931 1.16786 -1.01148 1.01346 -0.49765 1.65023 -0.29451 -1.62296 1.71402 1.61004 -0.59026 1.35471 -0.51829 2.09974 1.52628 1.75652 0.0074 -0.10818 0.62675 -1.07816 0.85025 -1.70334 -0.08024 1.42671 1.65423 -1.16508 0.79082 -1.72251 1.20055 1.74423 1.15024 -1.67179 0.93639 -1.32165 1.17376 0.16389 0.63543 -1.45061 0.71163 -1.60511 0.39736 -0.79692 0.39349 0.07068 0.85826 -0.02952 1.48099 1.2066 -1.6628 1.20181
96 -0.78011 0.04249 1.57308 0.05827 0.1103 0.037 -1.07059 -0.00466 -0.34746 -0.07532 -0.7478 -2.29839 0.19051 -0.66445 -1.17215 0.52882 -0.82522 -0.93658 -0.76769 1.62155 -0.07458 0.0674 0.10991 -0.96058 -0.01618 -0.22595 -0.01879 -1.25779 1.58732 1.52309 -1.87116 1.58947 -1.92296 1.6868 -0.03752 0.0434 0.41513 -0.09728 0.47393 0.11624 0.15893 -0.87362 0.08255 -0.21483 0.00468 -1.43841 0.02595 -0.68849 0.0827 -1.01269 -0.68038 -1.09613 -0.30545 -0.05856 -0.33967
97 -1.67449 0.15686 -0.72027 -0.84923 0.09959 0.51772 -0.57534 0.1519 0.41178 0.03316 -1.67362 -0.64072 1.72289 -1.72535 -1.77698 0.58009 -1.76622 0.78874 -1.56457 -0.49823 -0.58086 0.08146 0.91069 -0.7806 0.04718 0.39727 0.21141 -0.52651 -0.66927 -1.75985 -0.03036 -0.54759 1.92885 -0.71531 -0.70251 -1.46406 1.46856 -0.61048 0.57933 -0.69589 0.71434 -0.75797 0.13761 0.35703 0.08585 -0.13993 0.82431 -0.02358 0.44131 -0.79338 0.03985 -0.31477 0.36475 0.14439 0.53497
98 0.30015 -0.17656 -1.26689 1.07434 -0.35867 -0.58648 0.65007 -0.35808 -0.12253 -1.29941 0.25645 1.98728 -0.66277 0.26528 0.93759 -0.10483 0.35544 0.91588 0.4226 -1.20119 1.00486 0.03099 -0.58816 0.67307 -0.09849 -0.20861 -0.30574 1.58742 -1.42888 -1.06799 2.11391 -1.02299 -0.40446 -1.54179 0.93724 1.64213 -0.5552 1.14908 1.82184 1.46197 -0.73012 0.60071 -0.04675 -0.2957 -0.46445 1.42668 -0.59058 0.07074 -0.67615 0.81256 1.37103 0.79324 -0.19231 -0.30264 -0.28702
99 -0.0786 -0.02601 -1.66314 -0.50441 0.0554 -0.78672 -0.40487 -0.02017 0.20585 0.74011 0.00982 1.83836 0.34459 -0.01741 0.21787 0.24625 -0.06167 -1.01519 -0.22192 -1.75588 -0.20762 -0.0814 -0.82299 -0.29195 -0.06505 0.40053 0.58993 1.35963 -1.74226 -1.43346 1.53661 -1.718 -2.28899 -1.62856 -0.33918 -0.54718 -0.11053 -0.44283 -1.11281 -0.59415 -0.86913 -0.33053 0.004 0.37143 0.57557 -0.09098 -0.92743 -0.79755 -0.88228 -0.39757 -1.49889 -0.5898 0.26354 0.49969 0.37713
100 -0.33944 -0.01828 0.10473 0.72951 -0.14064 0.29518 -0.41254 -0.06303 -0.64574 -0.39911 -0.34505 -0.74783 -0.39384 -0.35218 -0.58206 0.30415 -0.33653 0.88092 -0.36233 0.03158 0.6251 -0.01456 0.25951 -0.34121 -0.07128 -0.72641 -0.008 0.68088 0.0467 0.19733 -0.7534 0.06865 -0.53469 0.02567 0.60076 0.67309 -0.70995 0.64632 0.80919 0.71207 0.19547 -0.39904 -0.09448 -0.76503 -0.24833 -0.64886 0.26366 -0.4293 0.04145 -0.38034 0.39067 -0.4746 -0.82474 -0.16215 -0.64734
101 1.18206 -0.33585 1.18082 0.0419 -0.66558 -0.46795 0.65509 -0.39393 -1.60861 -0.48704 0.85149 0.24518 -1.13892 0.90433 1.46717 0.50604 0.91677 2.61527 1.02518 0.72628 -0.13049 0.04199 -0.96486 0.35426 -0.0651 -2.08624 -0.29907 -0.44371 0.67893 1.8368 0.45994 0.88031 2.31543 0.9473 -0.1046 0.49833 -0.68206 0.06292 2.09172 0.04046 -1.03688 0.39665 -0.3187 -2.12093 -0.45149 0.8082 -0.8467 -0.78966 -0.77114 0.37977 1.37192 0.46984 -2.06912 -0.22859 -1.80765
102 -1.5233 -0.20123 0.22469 -0.06639 -0.12733 0.28552 0.31117 -0.67295 0.67932 -0.45148 -1.34204 -1.09103 1.23712 -1.42276 -1.18606 -1.40853 -1.56122 -1.42184 -1.43865 0.30919 0.23512 -0.25945 0.13357 0.46399 -0.68648 0.62956 -0.21476 -0.63278 0.17035 -0.31684 0.26011 0.10795 -0.32816 0.09832 0.24636 -0.19003 -0.3102 0.74154 -1.00298 0.19731 0.24659 0.5952 -0.59325 0.62213 -0.05608 1.00001 0.17898 0.3414 0.03672 0.76569 0.29404 0.63455 0.65427 -0.11716 0.50094
103 0.01445 0.2066 0.5058 0.29264 0.83579 0.30803 0.82228 0.05609 1.23852 -0.03473 0.09583 0.33081 0.25322 0.09964 -0.01411 0.96042 -0.03565 0.94579 0.18653 0.60312 0.3253 0.38511 0.13908 0.84616 -0.20616 1.26882 0.23688 -0.34261 0.25502 -0.36727 0.42731 0.07532 0.34551 0.40379 -0.26156 -0.29156 -0.23351 -0.24849 -0.70797 0.43466 0.09507 0.60325 0.28593 0.81919 0.41238 0.49786 -0.21975 0.33552 0.76975 0.5084 0.23239 0.782 0.674 -0.0647 1.04847
104 0.04193 -0.6328 -0.73085 1.50651 -0.95884 -0.9268 1.28591 -0.84935 -0.17227 -0.88152 0.09983 0.78351 -0.1832 -0.24736 0.58626 0.59117 0.02139 0.75222 -0.14764 -1.01487 1.96995 -0.58084 -1.46587 1.30203 -0.10044 -0.22298 -1.38674 0.46493 -1.18174 -0.24909 1.70186 -1.26849 -0.49824 -0.8162 1.71268 0.66199 -0.71493 1.81966 1.11704 1.32533 -1.59455 0.91644 -0.30098 -0.36671 -1.49009 1.82989 -1.67859 -0.28635 -1.24402 1.2004 1.9483 1.06248 -0.32003 -1.44526 -0.41786
105 0.29689 0.08167 -0.15576 -0.68891 0.0833 0.26742 0.13936 0.70472 0.27436 -0.09716 0.39807 -0.23537 -0.98595 0.38893 -0.20909 -0.8569 0.11219 -1.74887 0.27061 -0.07989 -0.64717 0.17764 0.23523 0.15439 0.4659 0.17744 0.0849 -0.7229 0.01615 -0.4271 0.33241 0.23185 0.66456 -0.01169 -0.58614 -0.64386 0.64759 -0.17849 0.67581 -0.55831 0.18204 0.12432 0.71837 0.20523 0.04682 -0.28079 0.44055 -0.38013 0.54636 -0.2007 -0.84451 0.18188 0.13056 0.4976 0.42996
106 -0.02926 -0.04816 -0.03424 -0.76224 0.0284 -0.41474 -1.02051 -0.36993 -1.0598 -0.3935 -0.101 -0.19007 0.2405 -0.03736 0.34102 0.44868 0.06015 1.18161 0.04777 -0.11656 -1.01601 -0.02803 -0.34029 -0.92381 -0.12944 -1.01289 -0.32572 -0.28437 -0.013 -0.05439 -1.16318 -0.12162 -1.0269 0.03026 -0.82484 -0.3238 0.59015 -0.93991 0.22468 -0.69692 -0.28139 -0.97695 -0.57484 -0.9894 -0.20521 -0.84582 -0.32702 -0.73342 -0.40215 -0.68223 0.33557 -1.11909 -0.85668 -0.76326 -1.19364
107 0.29126 -0.12454 -1.24572 -1.21556 -0.31943 -0.08139 1.0441 -0.26919 0.03171 -0.25499 0.17429 0.17015 0.56435 0.02112 0.57304 -0.50743 0.28434 0.52684 0.25038 -1.27938 -1.4467 0.079 -0.35354 0.94193 -0.50264 -0.22901 -0.03072 -0.28834 -1.10714 -1.61815 -1.27486 -1.44869 0.08923 -1.40079 -1.09291 -1.2895 -1.1225 -1.02193 0.12485 -1.32823 -0.33633 0.97334 -1.07677 0.0119 -0.01906 0.98878 -0.38131 0.17965 -0.23863 1.06383 -0.57057 1.05448 0.07535 -0.26848 -0.01377
108 -1.81897 -0.24268 -0.7817 -0.41595 0.12038 0.03801 -2.35521 0.06362 0.3095 -0.37931 -1.92375 0.49407 1.49312 -2.06005 -1.97272 0.13165 -2.07832 -3.14244 -1.80274 -0.7262 -0.39795 0.00931 -0.23691 -2.39709 -0.35711 0.04724 -0.388 0.10059 -0.98261 -1.15629 0.56755 -1.0339 -2.61652 -0.81816 -0.53271 -0.50034 2.14579 -0.54326 -0.93289 -0.28639 -0.06205 -2.46333 0.35672 0.21252 -0.16176 -2.11866 -0.05151 0.18829 0.04699 -2.49629 -2.50069 -2.36693 0.26324 -0.05231 0.34615
109 -0.58432 0.29963 2.03585 -0.51969 0.35115 1.9105 -0.65585 0.31169 0.22928 1.83959 -0.52693 -2.21159 0.41411 -0.56564 -1.80166 0.0582 -0.47765 -1.08577 -0.8403 2.0569 -0.3593 0.10475 2.07641 -0.61801 0.27321 0.48452 1.63803 -1.84917 2.10521 1.36311 -1.60731 2.21959 2.38833 1.67075 -0.35034 -1.84866 0.76229 -0.38559 -0.72318 -1.06256 2.25078 -0.68119 0.12508 0.35407 1.55966 -1.63848 1.94467 0.42851 1.48131 -0.62639 -0.8203 -0.95568 0.31114 1.10813 -0.01091
110 -0.09384 -0.0687 0.94319 0.60235 -0.15835 -0.1602 0.24738 -0.01948 -0.21685 -1.93627 -0.08397 -0.17815 0.15387 -0.08351 0.10445 -0.1264 -0.02786 0.17076 0.14879 0.77155 0.42142 -0.20987 -0.20015 0.25296 -0.04674 -0.23287 -1.06604 -0.03991 0.68754 1.40195 0.29681 0.93874 1.90932 0.79993 0.26696 1.09136 0.0151 0.58221 1.18336 0.97108 -0.33366 0.25279 -0.32327 -0.32209 -0.83413 0.51403 -0.06499 0.02619 -0.44613 0.31835 0.57318 0.46365 -0.15953 -0.69594 -0.41321
111 0.01873 -0.23787 0.26355 -1.47215 -0.39152 0.07697 -0.74584 -0.36361 -0.07628 0.53634 0.04081 -0.56903 0.95365 0.037 -0.0975 0.42284 0.05886 -0.13349 0.06459 0.27147 -1.14574 -0.00676 -0.1003 -0.65247 0.02194 -0.10231 -0.10005 -1.30364 0.2359 0.12341 -1.48527 0.1881 -0.02061 0.36368 -1.24083 -1.32887 0.04132 -1.27784 -0.61655 -1.30111 -0.166 -0.65113 -0.05367 -0.12564 -0.21965 -1.09822 -0.24599 -0.12179 0.35252 -0.63997 -1.10562 -0.626 -0.12914 -0.27673 0.0462
112 0.17663 -0.02164 0.22983 -0.11584 0.09894 -0.22944 1.23633 -0.04289 2.62011 0.19166 0.22263 0.56441 0.34299 0.09752 0.00162 0.94371 0.10158 1.79804 0.29763 0.30357 0.05658 -0.21221 -0.3224 1.46421 -0.14708 2.90732 0.183 -0.612 0.38737 -0.22376 0.44599 0.18226 0.31129 0.23514 -0.01277 -0.131 -0.80768 -0.24863 -2.72712 -0.06584 0.07653 1.35643 0.05314 2.80174 0.31804 -0.08497 -0.37534 -0.32277 -0.65573 1.20232 -0.53654 1.26861 2.65848 0.00693 2.63137
113 0.4219 -0.2837 0.51177 0.93754 -0.29886 -1.51554 1.59583 -0.2267 -0.25917 -0.47567 0.49629 0.16355 -0.19576 0.40175 -0.468 0.19556 0.54511 0.82745 -0.21527 0.70869 1.09694 -0.36122 -2.07194 1.72919 0.07144 -0.11051 -1.28439 -0.06596 0.44798 -1.30049 0.49067 0.62455 0.80997 -0.25528 0.94655 0.13971 -0.50773 1.01169 1.03663 0.22342 -1.48861 1.55441 -0.40261 -0.27045 -0.5958 0.13279 -2.08184 -1.45916 -1.04668 1.73293 1.69017 0.84473 -0.19765 -0.94535 -0.65721
114 -0.39186 -0.00845 1.9474 0.47972 0.19715 0.64578 -1.24656 0.14977 0.44569 -0.48083 -0.3419 -2.84681 -0.0948 -0.27542 -1.06619 0.65678 -0.29236 -1.19302 -0.26427 2.06526 0.30211 0.06993 0.73015 -1.17884 0.09555 0.58525 -0.47726 -1.8232 2.22415 1.6663 -2.49717 2.32975 2.17232 1.8938 0.47632 0.08032 1.27721 0.52461 0.20214 0.45569 0.90526 -1.17356 -0.14243 0.51041 -0.22955 -2.05971 0.79272 0.57055 0.532 -1.19362 -1.98336 -1.19526 0.52287 -0.2623 0.40854
115 0.59496 0.01076 -1.53484 -0.13076 0.09659 -1.49467 0.68465 0.10763 -1.51089 -0.91444 0.49994 2.06653 -0.97013 0.38143 0.95164 -0.58804 0.43896 1.15237 0.71196 -1.63705 -0.09562 0.23949 -1.4243 0.68415 0.11881 -1.60224 -0.54692 1.02064 -1.70981 -1.45472 -0.13913 -1.70981 -1.29498 -1.7079 -0.16843 0.74368 -1.59414 -0.25345 1.58505 -0.05064 -1.46583 0.6167 0.164 -1.40216 -0.48398 0.13408 -1.37821 -1.34163 -1.55572 0.60209 0.25071 0.71559 -1.76123 -0.38487 -1.67178
116 0.36469 -0.75423 0.44694 -2.3164 -1.21506 -0.18763 1.23623 -0.58867 -1.00449 0.0884 0.32255 -0.11454 1.63125 0.21809 0.46419 -1.04244 0.33451 1.75044 0.40823 0.49249 -1.96732 -0.43242 -0.85964 0.9094 -1.10116 -1.45046 -0.83375 2.12243 0.29949 0.10474 -0.53341 0.1267 1.83317 0.55817 -2.28035 -1.84544 0.22254 -2.26821 -0.66346 -2.24669 -0.87896 0.93039 -1.59899 -1.61661 -1.12784 1.56769 -0.16779 -0.35071 -0.1579 1.30439 1.73483 1.21515 -0.90602 -0.78756 -1.18596
117 0.28094 0.25458 -0.05274 -0.00993 0.11247 0.12845 0.85992 0.38249 -1.26165 -0.02716 0.17676 0.40265 -0.19127 0.16185 0.51885 -0.24124 -0.097 1.16165 0.41017 -0.28658 -0.01093 0.02835 0.39039 0.72945 0.40232 -1.27859 0.23397 0.45594 -0.12939 -0.2089 0.7896 -0.32832 0.48404 0.03265 0.01375 -0.37546 -0.54736 -0.30813 1.16824 0.00771 -0.01807 0.71997 0.05469 -1.00996 -0.03614 0.93236 0.12456 -1.8283 0.16588 0.38321 1.30035 0.99883 -1.23363 0.0751 -1.30354
118 -0.26378 -0.00194 -0.08497 1.01758 -0.042 1.10214 -0.02942 -0.07636 0.55815 -0.21085 -0.28376 -0.35605 -0.24526 -0.25254 -1.19992 0.19326 -0.19113 -0.6917 -0.2543 -0.11436 0.89229 -0.05881 1.30655 -0.04233 -0.16434 0.58938 -0.11198 1.11435 -0.09147 0.4871 -0.06279 -0.19346 0.17335 -0.08312 0.96692 0.19776 -0.14462 1.0023 0.50927 1.13583 1.3303 -0.09373 -0.23324 0.45816 -0.21533 -1.14101 1.12635 0.03236 0.95688 0.08504 -0.4441 0.03569 0.76721 -0.25027 0.5638
119 0.06489 -0.67263 -1.10233 0.44309 -0.55528 -0.23929 0.8867 -0.12923 -0.36309 -0.489 0.19019 1.37985 0.12888 -0.07531 0.37733 -0.19543 -0.09133 1.04855 0.1439 -1.06337 0.45227 -0.73901 -0.59094 1.11531 -0.25975 -0.41095 -0.93275 1.58579 -1.37958 -1.24662 1.30682 -1.34503 0.01182 -0.99372 0.22174 0.73782 -0.24783 0.14938 0.95342 0.68759 -0.73269 0.75265 0.12724 -0.6865 -0.7853 1.35557 -0.36058 -0.26964 -0.13536 0.80745 1.34038 0.98781 -0.63223 -0.47489 -0.19789
120 0.74865 -0.60234 -0.47183 2.54797 -0.72805 -0.18807 1.52767 -0.45144 -1.71522 -0.58537 0.70598 1.59955 -1.46176 0.45181 0.86853 -0.36517 0.76992 1.28936 0.75335 -0.63055 2.64133 -0.54374 -0.70545 1.41069 -0.19098 -1.72684 -1.03657 1.78467 -0.73222 -0.44923 2.42572 -0.53906 -1.52632 -0.54574 2.76495 2.08869 -0.42825 2.78761 0.9317 2.27565 -0.63381 1.10445 -0.78995 -1.6728 -0.67835 1.90069 -0.57397 -1.71014 -0.319 1.53068 2.58385 1.64286 -1.68526 -0.54862 -1.87811
121 -0.20948 -0.22661 -0.85059 2.7479 -0.22076 -0.5029 0.1774 -0.17395 -0.05216 -0.79684 -0.22882 0.60587 -1.27461 -0.26945 0.14076 -0.00282 -0.09632 -0.22006 -0.14401 -0.907 2.64243 -0.20667 -0.66604 0.07427 -0.12628 -0.09079 -0.09757 1.91514 -0.93131 -0.02485 0.6393 -0.70618 -0.49303 -0.8389 2.49406 2.96979 -1.88092 2.83537 2.2671 2.53131 -0.79334 0.24477 -0.20652 -0.12817 -0.20244 -0.03 -0.50904 0.15655 -1.11893 0.22663 -0.06643 0.11051 0.04371 -0.06234 -0.41203
122 1.04394 -0.11654 -0.85804 1.81299 -0.09368 -0.14569 1.67608 -0.09013 0.94674 -0.21606 0.98658 1.19891 -0.27236 0.90164 1.24813 -0.06093 1.0245 -0.07104 1.09165 -0.90328 1.7409 -0.11898 -0.15621 1.52836 0.02541 0.97137 -0.14287 1.87777 -0.97183 -0.69111 0.84515 -0.89788 0.17274 -0.89377 1.68573 1.68751 -0.8084 1.79355 0.15786 1.83819 -0.24325 1.4886 -0.09398 0.78647 -0.06715 1.70357 -0.11473 1.09098 -0.13805 1.47935 -0.23875 1.73428 0.88749 -0.10055 0.90828
123 -0.79851 -0.40846 -1.7351 0.42906 -0.41718 0.3434 -1.39577 -0.09193 1.38389 -0.59572 -0.90611 -0.89967 0.85285 -0.9776 -0.47808 -0.71634 -0.92337 0.98259 -0.85874 -1.57245 0.17394 -0.01852 0.161 -1.11279 -0.16952 1.2016 -0.54304 0.51668 -1.60902 -1.67639 -0.46094 -1.70306 1.10312 -1.91139 -0.07563 0.16896 0.12447 0.23542 -0.59947 0.50157 0.1451 -1.04509 -0.76371 0.85095 -0.59275 -1.36806 0.44877 1.43082 -0.23765 -1.24574 0.25604 -1.57639 1.10732 -0.17622 1.36643
124 -0.68398 -0.09179 -0.33788 -1.28049 -0.10843 -0.63414 0.99748 0.4503 1.91362 0.22144 -0.64618 -0.25771 0.95649 -0.68295 -0.0554 -0.58487 -0.68315 -1.68721 -0.70211 -0.35848 -1.21425 -0.05399 -0.65592 0.882 0.55116 1.94962 -0.13681 -0.9144 -0.46697 -0.76286 1.21529 0.01824 1.87933 -0.30942 -0.98334 -0.72761 -0.23051 -1.10748 -1.80407 -1.40429 -0.65647 0.95692 0.69206 1.90379 -0.13969 1.24768 -0.46384 0.94351 -0.38542 0.69195 -0.80996 0.97912 1.77494 0.3303 2.01466
125 0.88182 -0.27843 -0.82847 0.34007 -0.456 -0.53951 1.15432 -0.1123 -1.30902 -0.24242 0.80793 1.63391 -1.00115 0.78339 1.53063 0.21032 0.72435 2.11164 0.79962 -1.22855 0.10265 -0.03118 -1.03523 1.04443 0.0941 -1.71823 -0.36078 0.7689 -1.19441 -0.29508 1.51425 -1.1025 -0.17282 -0.88352 0.17652 0.48333 -1.217 0.27819 1.19544 0.34488 -1.07442 1.07245 0.11196 -1.64841 -0.39281 1.75933 -0.74984 -0.74786 -0.65979 0.91779 1.95793 1.11112 -1.6452 -0.04157 -1.47066
126 -1.26915 0.29559 -1.71989 -3.44296 0.55339 0.33559 -0.68353 0.82605 -1.616 0.02748 -1.35327 0.59367 1.51059 -1.43032 -1.6603 0.43667 -1.46249 -0.30597 -1.27152 -1.40446 -2.83773 0.8415 0.58743 -0.80642 0.61422 -1.30668 -0.20119 0.66619 -1.61744 -2.21385 0.91278 -1.62171 -0.28257 -1.57411 -3.15034 -2.68275 2.5394 -2.73643 -0.65355 -3.33877 0.44482 -1.06702 0.50743 -1.46987 0.22316 -0.99532 0.72899 -1.55351 0.48489 -1.04261 0.96085 -0.69375 -1.38269 0.30086 -1.57799
127 1.07383 0.07113 -1.22295 -0.24232 0.12189 -0.0297 1.63427 0.14668 -1.60306 -0.3982 0.94804 0.52894 -0.49447 1.01133 1.40077 0.11101 1.11211 0.81616 1.30024 -1.09448 -0.45169 0.02098 0.04253 1.55572 0.1757 -1.37803 0.04505 0.63761 -1.13722 -1.60829 0.65126 -1.00706 0.12769 -1.11143 -0.45893 -0.10359 -0.62447 -0.06921 1.53507 0.036 0.01285 1.63575 0.28366 -1.40484 0.01288 1.82465 0.04467 -1.90361 -0.16259 1.70031 0.56308 1.85797 -1.41337 0.0936 -1.60567
128 -1.65834 0.36156 1.17422 0.02065 0.08059 0.04321 -1.36623 -0.02601 -0.5563 0.29129 -1.64522 -1.21739 1.92328 -1.61678 -1.59904 0.0723 -1.72462 -0.95763 -1.70128 0.85439 -0.16648 0.05344 0.18852 -1.48174 0.05491 -0.71789 0.52664 -1.23377 0.81288 1.513 -1.43058 1.0036 -0.42821 1.26114 -0.07532 0.23864 1.33319 -0.01364 0.57314 -0.01512 -0.02059 -1.40819 0.017 -0.75682 0.27873 -1.18075 -0.02156 -0.42993 0.08052 -1.49206 -0.76031 -1.41505 -0.69608 0.12199 -0.53013
129 -0.46731 -0.04456 1.12774 1.84447 -0.13308 0.60683 -0.5906 -0.33259 -1.57038 -0.57684 -0.53148 -0.90603 0.17515 -0.55771 -0.45788 0.11339 -0.44773 0.67881 -0.59225 1.01106 1.4367 -0.00732 0.52045 -0.69056 -0.17856 -1.71836 -0.33814 1.22473 0.92532 0.5422 -0.73857 1.08983 -0.39156 0.81425 1.52658 1.4088 0.12083 1.45341 1.53868 1.44072 0.37046 -0.70081 -0.21274 -1.61649 -0.42701 -0.4193 0.45494 -0.63217 0.25285 -0.59332 0.71387 -0.77672 -1.68597 -0.64452 -1.71817
130 -0.78198 -0.57994 0.78341 0.36482 -0.22873 -0.08293 0.87558 -0.24339 -0.24927 -0.89479 -0.90597 0.64047 -0.02425 -0.83536 -0.93959 -0.3541 -0.89101 -0.0955 -0.73366 1.20542 0.49765 -0.20148 0.42973 1.12626 -0.38107 -0.42903 -1.44092 0.11501 1.05868 0.20553 -0.52011 1.20265 -0.60564 0.83484 0.02773 -0.48842 -0.26989 0.02633 0.12704 -0.36901 0.85608 1.17981 -0.07351 -0.2747 -0.66853 0.53502 0.74137 -1.76392 0.21405 1.26373 -0.52928 0.97881 -0.61252 -0.55435 -0.4909
131 -1.08634 0.06716 0.64831 0.49187 0.14455 1.33049 -0.60744 0.12909 -1.65945 0.38925 -1.16703 -0.71458 1.13764 -1.24392 -0.89388 0.87604 -1.19423 0.34304 -0.93644 0.58164 0.26861 0.20218 1.11235 -0.57586 0.06283 -1.74441 -0.0407 -0.38285 0.57967 0.37175 -0.79359 0.67755 -0.99358 0.86862 0.3368 0.09573 0.28906 0.38005 0.96708 0.71251 1.2299 -0.70814 0.23288 -1.67977 -0.00028 -0.88612 1.4083 -1.45102 1.37336 -0.63816 1.47726 -0.42878 -1.71343 0.09995 -1.56954
132 0.61118 -0.07497 -1.97506 0.74893 -0.29599 -0.14221 1.61154 -0.04641 -0.7544 -0.66314 0.5889 2.44919 -0.39168 0.66235 0.75578 -0.5207 0.59681 2.04785 0.51825 -1.91758 0.61932 -0.03582 -0.29496 1.53454 0.11267 -0.87227 -0.13594 2.83736 -1.78913 -2.25887 2.80207 -1.9382 -0.29903 -2.10264 0.81534 0.81673 -0.72783 0.56345 1.94709 0.64138 -0.44412 1.59222 -0.15638 -0.76495 -0.23347 1.80551 -0.29731 -0.65493 -0.53967 1.53842 2.67381 1.59998 -0.96447 -0.13481 -0.77021
133 1.36909 -0.22814 0.71746 0.72988 0.06363 0.50513 1.41233 0.16683 -0.68669 0.33087 1.00604 0.22833 -0.88769 1.21901 1.34179 0.76833 1.51744 0.44796 1.38966 0.41004 0.60769 -0.22678 0.20928 1.63557 -0.00927 -0.46794 -0.2782 0.23811 0.42946 0.58503 0.88234 0.69414 0.16764 0.59727 0.33237 0.70695 -1.02994 0.62027 1.34437 0.68771 0.42331 1.45681 0.21016 -0.76312 -0.04795 1.61897 0.69174 -0.37561 0.75719 1.42814 0.55162 1.4456 -0.6497 0.19345 -0.70119
134 1.07796 -0.15321 -0.28901 2.6886 -0.23027 -0.26752 0.88242 -0.33436 -1.19629 -0.34574 0.9239 1.17716 -1.92543 1.10115 1.23798 0.03597 1.0086 1.45012 1.23398 -0.18148 2.78233 -0.12583 -0.15569 0.6686 -0.32401 -1.13894 -0.39549 2.58362 -0.28935 -0.43691 0.58936 -0.4176 -2.49987 -0.36936 2.79026 2.09685 -1.98542 2.59519 -0.01678 2.70697 -0.06784 0.8899 -0.31548 -1.0601 -0.22655 0.80647 -0.14446 -1.08922 -0.28739 0.79294 1.21608 1.00597 -0.82245 -0.44481 -1.16194
135 -0.92918 0.26877 -0.02122 -0.84926 0.29751 0.1874 0.0748 0.1437 -0.78363 -0.01331 -1.07124 1.07718 0.91423 -0.95418 -1.4287 0.82226 -1.00635 -0.30234 -1.04303 0.12091 -0.77638 0.09924 0.30376 -0.06367 0.04106 -0.71442 0.33736 0.103 0.0903 -0.46186 0.89814 0.10802 0.80665 -0.01922 -0.67133 -1.20968 0.74368 -0.69388 0.24041 -0.92112 0.39613 -0.02041 -0.0973 -0.74729 0.20675 -0.13866 0.29723 -0.95879 0.07766 0.04693 0.76735 0.06427 -0.62764 0.2376 -0.61342
136 -0.2021 -0.09156 -1.70753 -0.76478 -0.09243 0.15399 -0.55894 -0.15165 1.51975 0.06381 -0.26776 1.39071 0.30836 -0.28703 0.1221 0.46387 -0.28546 -1.24336 -0.23193 -1.9224 -0.98709 -0.03277 -0.05028 -0.64279 -0.07482 1.47723 -0.08034 0.3298 -1.77549 -0.72274 -0.27637 -2.03261 0.26338 -1.86001 -0.92765 -0.8416 -0.77084 -1.10175 -0.19074 -1.05185 0.01902 -0.69868 -0.31029 1.38271 -0.05813 -0.15051 -0.00336 1.10805 -0.10401 -0.5635 0.11989 -0.66749 1.6212 -0.02456 1.56307
137 -0.06781 -0.1475 -2.14868 0.205 -0.18308 -0.73476 -2.03944 -0.13951 -2.61152 -1.02604 0.00152 2.15043 -0.06018 0.02331 0.51595 2.09271 0.03063 2.56823 0.17728 -2.20796 0.17539 -0.14473 -1.10667 -1.79849 -0.12316 -2.63678 -0.9013 2.49392 -2.19381 -1.94101 0.2033 -2.17587 -0.38141 -2.11079 0.19311 1.16618 1.75925 0.24563 2.6265 0.58018 -1.23412 -1.74017 -0.09052 -2.53253 -0.81516 -1.33271 -1.12691 -2.29818 -0.65537 -1.68089 0.81217 -1.87975 -2.60575 -0.70397 -2.53739
138 -1.06885 0.19691 0.06033 0.3406 0.31528 0.14427 -2.18301 0.07264 0.33155 0.0177 -1.02924 -0.92882 1.7158 -1.09957 -0.94046 -0.66886 -1.24284 -0.55639 -1.04117 0.08273 0.25386 0.13795 0.26623 -2.00896 0.08617 0.51227 0.19271 0.59077 0.14057 0.11361 -2.04522 0.02849 -0.04363 0.09219 0.19742 0.42891 1.71444 0.15379 -0.57465 0.42505 0.27501 -2.10769 0.14571 0.53095 0.20234 -2.22764 0.16411 0.14625 0.22764 -2.19023 -1.80149 -2.2042 0.4923 0.00957 0.33631
139 -0.10959 -0.01519 -1.65541 -0.48186 -0.12736 -0.4196 0.67079 -0.18044 -0.57308 -0.16617 0.02182 0.77433 0.25492 -0.12907 0.05219 -0.47011 0.04119 0.89718 -0.2879 -1.71111 -0.31229 -0.09415 -0.19622 0.7716 -0.01788 -0.68576 0.05111 1.59236 -1.74627 -1.30616 0.59275 -1.74124 -0.92383 -1.68706 -0.40069 -0.26561 -0.4229 -0.26395 0.54321 -0.64074 -0.42093 0.62954 -0.20692 -0.74082 -0.01085 0.705 -0.25763 -0.47948 -0.61918 0.74675 1.29263 0.53304 -0.79581 -0.17494 -0.56211
140 -0.1158 0.18004 0.05762 -0.38303 0.1285 -0.01211 0.50254 0.13686 -1.08985 0.11448 -0.18522 -0.08251 -0.09555 -0.06892 -0.1909 -0.30315 -0.19072 0.99475 -0.19763 0.03734 -0.52918 0.15059 -0.01341 0.43661 0.07883 -1.13835 0.30601 -0.58381 0.09109 0.14233 0.29835 -0.06055 0.08302 0.06579 -0.42335 -0.26445 -0.79606 -0.59509 0.84464 -0.56516 0.03162 0.51863 0.12965 -1.11954 0.26368 0.25051 -0.14382 -0.0666 -0.14173 0.43101 1.33752 0.38347 -1.2276 0.09305 -1.26102
141 -0.54913 0.00238 -0.50014 -0.11252 0.0662 0.04251 -0.76109 0.07723 0.11358 -0.28285 -0.61766 0.07342 0.27651 -0.62623 -0.40284 0.4502 -0.67083 -0.64472 -0.47681 -0.46904 -0.01982 -0.00017 0.11101 -0.90932 -0.02834 0.05981 -0.36042 0.16111 -0.46555 -0.76026 -0.23708 -0.48688 -0.7035 -0.56636 -0.05447 0.03338 0.1748 0.01537 -0.44544 -0.15209 0.03396 -0.93025 -0.04321 0.06297 -0.31886 -0.67935 0.10304 0.05136 0.09707 -0.96674 -1.10868 -0.7855 0.05558 -0.1931 -0.08085
142 -0.15198 -0.66474 0.10741 0.91612 -1.11926 0.19141 0.93898 -0.70771 -0.04493 -0.07457 0.01534 -0.15973 0.70941 -0.03062 -0.36039 0.70359 -0.00872 -0.13562 -0.09811 0.13128 1.22799 -0.32 -0.25977 1.28765 -0.38719 -0.16953 -0.66078 0.61418 0.10987 -0.12413 0.84878 0.11699 0.30797 0.0804 1.06453 0.55307 -0.6964 1.23369 1.2604 0.9733 -0.31454 1.18898 -0.4952 -0.27616 -0.9145 0.75762 -0.13734 0.18973 0.07814 1.38782 0.94539 1.02078 -0.22389 -0.55386 -0.02421
143 0.24422 -0.56835 0.16691 1.47145 -0.79955 -1.04411 0.52284 -0.93948 0.0713 -3.01559 0.20319 0.33847 -1.0721 0.40237 0.66085 -0.16522 0.16323 0.02655 0.58542 -0.0463 1.43952 -0.76774 -1.53066 0.2408 -0.46938 -0.09856 -1.62037 0.44595 0.05332 -0.00668 0.02825 -0.33018 -0.21394 0.03195 1.4574 0.64237 -0.50319 1.1535 0.70173 1.59664 -1.43176 0.61555 -1.4621 -0.09635 -1.33636 0.80851 -1.60193 -0.24594 -2.04911 0.28487 0.29104 1.02241 -0.28661 -1.7849 -0.06613
144 -0.64555 -0.11319 -0.63372 -2.67381 -0.08771 0.33568 -1.1473 -0.06358 -1.30684 -0.17407 -0.55827 -0.15619 1.09447 -0.58138 -1.27002 0.16631 -0.53787 0.6015 -0.70301 -0.65048 -2.35626 -0.03621 0.25878 -1.09229 0.01172 -1.11079 -0.16363 -1.18409 -0.6033 -0.80919 -0.42067 -0.54047 -0.31125 -0.66976 -2.48316 -2.68485 1.16784 -2.35672 0.34044 -2.69288 0.24907 -1.07527 0.00838 -1.2002 -0.09318 -1.49128 0.46553 -1.62903 0.32641 -1.0378 0.81464 -1.24443 -1.1238 -0.03264 -1.41174
145 -1.51071 -0.26634 0.89417 -0.99402 0.17621 0.08216 -1.90631 -0.22097 -1.27666 -0.3397 -1.77471 -1.68916 0.65728 -1.71183 -0.89183 0.92466 -1.52055 0.6752 -1.26522 0.75687 -1.21144 0.68771 -0.45546 -2.06664 -0.33474 -1.27545 -0.66472 -1.94156 1.16518 0.43939 -1.68028 0.74412 -1.73227 1.03455 -0.85955 -0.73816 0.78007 -0.91602 0.34525 -0.54823 0.06115 -2.12352 -0.15171 -1.36984 -0.27163 -1.15653 -0.05889 -0.99975 0.34001 -1.78942 0.62345 -1.61436 -1.27372 -0.3584 -1.1183
146 -0.52263 0.43937 -0.47823 -0.77504 0.35982 -5e-05 -2.59706 0.31518 -0.87494 0.13725 -0.58952 0.63254 1.07345 -0.41155 -0.34992 2.62764 -0.61185 0.64505 -0.44803 -0.54969 -0.75136 0.26086 0.08754 -2.53363 0.2014 -0.80793 0.34177 0.909 -0.40551 -0.04567 2.1339 -0.50548 0.57117 -0.44297 -0.77379 -0.63536 2.14247 -0.6232 0.25514 -0.70048 -0.02333 -2.50325 0.32113 -0.84719 0.14425 -2.55884 0.2234 -1.08072 -0.0675 -2.46188 -1.67885 -2.60842 -0.69913 0.24052 -0.89055
147 -0.64731 -0.00139 1.48058 0.25972 0.10128 0.86632 -1.655 -0.1557 0.36934 0.25365 -0.66495 -1.03292 1.22987 -0.8256 -0.91322 0.82884 -0.73197 -1.32672 -0.68607 1.32081 0.12744 0.01882 0.50866 -1.57041 -0.10225 0.31365 0.17789 -1.05906 1.26463 0.37817 -0.75263 1.41492 1.19124 1.58653 0.06949 -1.02616 1.66029 0.03641 -0.66631 0.32173 0.83624 -1.78578 -0.04555 0.35623 0.18237 -1.12647 0.64643 0.4285 1.11786 -1.55469 -2.01701 -1.76709 0.34655 -0.10583 0.49434
148 -3.04713 -0.0054 -2.1608 -0.89252 0.01349 0.1829 -1.80001 0.06549 0.04093 -0.02935 -3.07773 -1.04364 2.8126 -3.08373 -3.21726 -0.22395 -3.19572 -3.8981 -3.14751 -2.13474 -0.74848 -0.01936 0.26229 -1.87702 0.08029 0.06309 -0.00965 1.259 -2.1125 -2.29434 0.01958 -2.21172 -2.32613 -2.21439 -0.80091 -1.12879 2.07178 -0.87186 -0.73283 -0.96724 0.31097 -1.87682 0.04682 0.03592 0.03772 -1.58703 0.28219 0.02939 0.19472 -1.87559 -1.78754 -1.7693 0.06086 0.06293 0.06139
149 -0.3197 0.08685 -0.3978 -0.61466 0.19436 -0.08689 -1.45947 0.1108 -0.48907 0.17909 -0.43256 -0.30132 0.46071 -0.32736 -0.33886 0.61476 -0.47381 -0.13969 -0.28217 -0.38102 -0.55416 0.16803 -0.0891 -1.64306 0.09026 -0.53908 -0.01773 -0.25749 -0.32199 -0.47602 -0.97777 -0.4575 -0.31061 -0.223 -0.44899 -0.65348 1.6936 -0.72317 -0.04182 -0.34975 0.0174 -1.64362 0.3218 -0.46466 0.01401 -0.96353 -0.1438 -0.35449 0.16697 -1.73169 -0.60255 -1.42438 -0.59543 0.05744 -0.29389
150 -0.68806 -0.14426 -2.36918 -0.01429 -0.06519 -0.78363 -0.28122 0.72441 0.40792 -0.46142 -0.57556 0.34124 0.80118 -0.5508 -0.2784 0.30954 -0.67283 -0.03344 -0.793 -2.42475 -0.03754 0.03478 -0.85735 -0.21464 0.66098 0.19476 -0.15002 1.88809 -2.31794 -0.36708 0.29152 -2.39182 0.32853 -2.42893 -0.0647 0.61092 0.35905 -0.33682 -0.09635 0.01055 -0.74639 -0.13916 0.9079 0.2621 -0.1657 0.12914 -0.81014 0.4001 -1.19083 -0.33137 -0.01104 -0.39151 -0.13668 0.71699 0.40873
151 -0.39912 0.3491 1.13574 0.06652 0.15976 0.12328 -1.3331 0.05998 0.04557 0.16343 -0.50052 -1.62008 0.52993 -0.44353 -0.57463 1.01626 -0.4303 -0.53357 -0.31652 1.14415 0.10502 0.16581 0.36114 -1.37321 0.01851 0.24963 0.5064 -1.07112 1.1744 1.29622 -1.80958 1.16129 0.9307 1.12196 0.0786 0.20639 0.97298 -0.01357 -0.12076 0.09082 0.23532 -1.41927 6e-05 0.13093 0.2264 -1.4986 0.15651 0.04538 0.35054 -1.32709 -1.26346 -1.26171 0.18061 0.05603 0.07776
152 -0.04311 -0.21659 -0.06211 1.20835 -0.08547 0.02218 0.74706 -0.12592 1.31676 -0.46598 0.0483 0.25724 -0.46172 0.0247 -0.03126 -0.08534 0.08681 -1.34972 0.02072 -0.14299 1.23641 -0.12098 -0.21309 0.77924 -0.00438 1.21001 -0.42723 0.74702 -0.04291 0.11403 1.15033 -0.07335 1.01597 -0.16587 1.2194 1.22431 -0.6846 1.27217 0.09449 1.2244 -0.0651 0.81077 -0.06993 1.18681 -0.36618 1.01135 -0.07561 1.20108 0.00222 0.89014 -0.30702 0.87724 1.30302 -0.23783 1.3109
153 0.20012 -1.16142 -1.50828 1.02031 -1.30095 -1.26402 1.03795 -0.94772 -0.85974 -2.80781 -0.0782 0.20213 0.45581 -0.10283 0.6792 -0.33389 -0.05154 -0.16307 0.62366 -1.49724 0.71547 -0.43573 -2.06672 0.51758 -0.45038 -1.14274 -3.36159 1.79729 -1.68733 -0.65366 1.02582 -1.47979 -0.72131 -1.53011 0.58357 2.01174 0.53486 0.76691 0.49987 1.63143 -2.12632 0.54572 -0.77926 -1.17556 -3.17445 1.44101 -1.94059 0.14297 -0.95418 0.64564 0.42802 1.5588 -0.9856 -2.6802 -0.84658
154 -0.14485 -0.24855 -1.22761 -0.79078 -0.55645 0.45688 0.5735 -0.15701 0.78005 0.58608 -0.39516 1.32396 0.54547 -0.23218 -0.49003 -0.10328 -0.03062 -0.98532 -0.40873 -1.49295 -1.15619 -0.25724 -0.04029 0.4886 -0.5943 0.69577 -0.45831 0.87577 -1.27765 -0.90877 1.6111 -1.01282 -0.20878 -1.08181 -0.74392 -1.15398 0.15247 -0.51168 -1.28153 -0.88863 0.20565 0.72063 -1.05636 0.90965 -0.38415 -0.03708 0.38262 0.38835 0.40619 0.8258 -0.28502 0.28818 0.88033 -0.16379 0.87861
155 -0.41522 -0.52719 -2.02127 0.33738 -0.55818 0.07373 -0.22253 -0.19622 -0.25182 -0.22084 -0.24654 1.13846 -0.78065 -0.2285 -0.70339 0.5835 -0.37294 -0.26565 -0.45814 -1.40242 0.32317 -0.63956 -0.38771 -0.32762 -0.21885 -0.47222 -0.85034 -0.54494 -1.4812 -3.12229 0.67954 -1.74142 -2.44552 -2.30569 0.66764 0.25383 0.20705 0.35525 0.6726 0.16819 -0.2082 -0.12613 -0.29639 -0.21996 -0.86424 -0.04837 -0.16132 -0.16242 0.09017 -0.24529 0.40965 -0.225 -0.34386 -0.4506 -0.3533
156 -0.08277 0.1588 -0.31815 -0.12289 0.19259 -1.1358 -0.1084 0.08407 -1.48527 -0.99001 -0.13037 0.28823 0.16681 -0.10634 0.74548 0.05133 -0.11222 1.44693 0.08761 -0.15597 0.03904 -0.05126 -0.89259 -0.18224 0.03741 -1.20657 -0.19053 0.12431 -0.31275 -0.54844 0.21051 -0.23591 -0.47425 -0.39483 -0.02841 0.60885 0.19576 -0.01122 1.05018 -0.00763 -0.93668 -0.14222 0.06603 -1.29218 -0.25432 0.75439 -0.89282 -2.05681 -1.00256 -0.16119 1.4369 0.04054 -1.34331 -0.22744 -1.76743
157 -1.4257 0.03486 -3.37373 0.59668 -0.0045 0.83817 -0.70948 0.06795 1.17402 -0.0553 -1.48319 1.79884 0.143 -1.50509 -1.34985 0.83009 -1.57563 -1.71931 -1.5203 -3.45003 0.45896 0.0839 0.53934 -0.73106 0.07179 1.17366 0.16204 2.61911 -3.35271 -2.6217 2.32222 -3.5677 -0.98574 -3.44783 0.54977 0.04552 0.13751 0.38061 -0.25545 0.59184 0.7275 -0.73937 0.02005 1.15666 0.1061 -0.83443 0.5915 1.68168 0.42376 -0.83975 -0.92112 -0.77213 1.03388 0.0925 1.22947
158 -0.12104 0.2524 0.62403 -0.11362 -0.01044 0.67229 -0.10603 -0.05773 -0.98502 0.30096 -0.14786 -0.28665 0.34339 -0.0696 -0.47699 0.11547 -0.0163 1.20728 -0.26214 0.47704 -0.08603 0.25044 0.79111 -0.06779 -0.01916 -0.71017 0.37812 0.92042 0.42163 0.84482 0.44567 0.75986 0.53991 0.6477 -0.09428 -0.48435 -0.12209 0.16061 0.85066 -0.33169 0.77422 -0.0081 -0.30257 -0.87755 0.2466 -0.45333 0.71158 -0.76599 0.66575 0.00445 0.64117 -0.29859 -0.63401 0.1543 -0.91226
159 -0.19547 0.04537 1.35102 -0.45739 0.08144 -0.10414 -0.14942 0.06294 0.00179 -0.03705 -0.23524 -1.19743 1.03138 -0.20807 -0.075 0.03457 -0.2327 -0.04321 -0.15456 1.37064 -0.30286 -0.0217 0.04786 -0.13602 -0.00315 0.07125 0.01401 -1.31726 1.27 1.7094 -0.91595 1.43347 1.62829 1.36914 -0.29368 -0.3835 0.42237 -0.30762 -0.558 -0.48349 0.1142 -0.08843 0.00418 0.08198 0.01703 -0.0653 0.10716 -0.24431 -0.15822 -0.10091 -0.18097 -0.13485 0.08067 0.01695 -0.03518
160 2.28895 -0.14013 -0.02289 -1.80567 -0.08093 -0.45131 2.80715 -0.50732 0.59451 0.06004 2.20737 2.06914 -0.11607 2.21732 1.95061 0.05275 2.14573 -0.48819 2.3462 -0.15114 -1.60666 0.23303 -0.82383 2.61716 -0.4408 0.40771 -0.10249 -1.22153 0.00157 -0.23616 2.48324 -0.27718 0.7343 0.00618 -1.50499 -1.90471 0.43428 -1.35986 -0.44027 -1.5481 -0.56293 2.67031 -0.17109 0.59795 0.04123 2.45411 -0.96243 0.76859 -0.28628 2.56206 -0.06366 2.7937 0.39826 -0.36826 0.43409
161 -0.47545 0.32095 0.30475 -0.6541 0.54153 0.17823 -1.0758 0.22818 -1.58058 0.80708 -0.52694 0.39761 -0.08272 -0.50698 -0.27012 -0.22669 -0.48666 -0.75996 -0.58326 0.25485 -0.81265 0.16863 0.20279 -1.12353 -0.00423 -1.60819 0.66854 -0.17833 0.2212 0.10465 0.39801 0.09879 0.76316 0.10526 -0.74709 -0.50768 0.42687 -0.87561 0.9022 -0.89402 0.28602 -1.12716 0.30151 -1.53705 0.69455 -0.74698 0.09255 -1.24889 0.2665 -1.1235 -0.4225 -1.2332 -1.77945 0.50898 -1.74199
162 -1.06003 -0.63774 -1.65025 0.90681 -0.54946 -2.60752 -1.75161 -0.39276 1.18148 -3.51534 -0.91165 0.34337 1.47047 -0.9195 -0.15517 0.01331 -1.07656 -0.14999 -0.52745 -1.44025 1.08463 -0.33756 -2.59181 -1.68592 -0.44555 1.00967 -2.10034 1.77783 -1.59935 -2.33847 0.1232 -1.7711 0.11156 -1.43907 1.13039 2.31673 1.86726 1.14956 -0.7467 1.8454 -2.19717 -1.60557 0.04632 1.29978 -1.83529 -0.29338 -2.16217 1.51173 -1.70609 -1.75098 0.3633 -1.14985 1.32435 -1.34708 1.58071
163 -1.42296 -0.08146 0.95452 1.31308 -0.07957 0.64541 -1.19914 0.01608 0.94557 -0.1694 -1.3921 -1.23936 0.68677 -1.43177 -0.85556 1.40207 -1.51281 0.16351 -1.31365 0.80862 0.82986 0.08659 0.43754 -0.94301 0.22509 0.82746 -0.26762 0.25526 0.90764 0.48131 -1.46226 0.9251 0.67404 0.95672 0.95431 0.87395 -0.0409 0.77387 0.02247 1.39914 0.81756 -1.06223 0.07219 0.82666 -0.15882 -0.96896 0.5669 0.06824 0.76906 -1.07039 -0.35771 -1.13194 0.84512 -0.24099 0.92887
164 -1.16106 -0.15601 -0.87903 0.93411 -0.10854 1.20092 -1.04118 -0.05921 -0.2576 -0.0531 -1.218 0.34863 1.10123 -1.2953 -2.10337 0.18621 -1.15076 -0.71125 -1.17275 -0.95752 0.70953 -0.24344 0.80759 -1.06212 -0.17481 -0.38792 -0.4551 1.04939 -0.98464 -1.65678 0.89486 -0.97996 -0.57613 -0.92025 0.63544 -0.05005 1.3219 0.93939 1.14757 0.98474 1.08406 -1.16047 -0.39395 -0.40156 -0.21945 -1.49916 1.12507 -0.63317 1.23056 -1.09179 0.05697 -1.00312 -0.21582 -0.20805 -0.23314
165 -1.68647 0.24465 -3.04666 -1.46989 0.23942 0.63392 -1.04253 0.2759 -2.40969 0.0868 -1.49696 -0.44427 0.54819 -1.57707 -1.73027 0.76111 -1.582 -0.40571 -1.69771 -3.01027 -1.21649 0.14372 0.72664 -0.83501 0.00492 -2.45526 0.10715 2.00227 -2.94402 -3.46579 1.75084 -3.05923 0.60716 -2.62294 -1.25244 -1.80643 0.34891 -1.20791 1.01404 -1.55903 0.75229 -0.88481 0.25302 -2.23223 -0.03497 -1.40035 0.8747 -2.72356 0.97477 -0.85573 0.92048 -1.26106 -2.52459 0.2252 -2.23945
166 -2.07747 -0.18951 -1.30279 -0.00596 0.00026 -3.64019 -0.95397 0.05461 1.50051 -0.08811 -2.00901 -0.53112 2.1643 -2.10186 -0.16093 -1.32782 -2.2588 -1.51977 -2.12423 -1.08386 0.16215 -0.3084 -3.15681 -1.28087 -0.16117 1.56805 -0.37937 0.5434 -1.10198 -0.40279 -0.65691 -1.1369 -1.9957 -1.26836 0.05416 1.31747 0.99705 0.07632 -1.77199 -0.04441 -3.16369 -1.1284 -0.06824 1.61988 -0.07953 -0.06908 -3.07822 -1.76062 -3.39306 -1.28314 0.26958 -0.9379 1.68674 -0.08677 1.4406;
